"trial"	"time"	"selection"	"outcome"	"game"	"points.cum"	"option.order"	"workerid"	"goal"	"condition"	"n.goals.reached"	"checkFails"	"payout"	"which.high.ev"
1	0.5	2	5	1	5	"1;2"	"id_037"	100	5	5	0	1	2
2	0.5	1	3	1	8	"1;2"	"id_037"	100	5	5	0	1	2
3	0.529911492625192	1	3	1	11	"1;2"	"id_037"	100	5	5	0	1	2
4	0.938736534443937	2	3	1	14	"1;2"	"id_037"	100	5	5	0	1	2
5	0.834648183832325	2	4	1	18	"1;2"	"id_037"	100	5	5	0	1	2
6	0.566126705273484	1	7	1	25	"1;2"	"id_037"	100	5	5	0	1	2
7	1.0945352165767	1	1	1	26	"1;2"	"id_037"	100	5	5	0	1	2
8	1.25331486179365	1	6	1	32	"1;2"	"id_037"	100	5	5	0	1	2
9	0.954261508879041	1	1	1	33	"1;2"	"id_037"	100	5	5	0	1	2
10	0.95956745760658	1	3	1	36	"1;2"	"id_037"	100	5	5	0	1	2
11	0.861363791567024	1	4	1	40	"1;2"	"id_037"	100	5	5	0	1	2
12	0.5	1	3	1	43	"1;2"	"id_037"	100	5	5	0	1	2
13	0.950397687516376	2	2	1	45	"1;2"	"id_037"	100	5	5	0	1	2
14	0.788398376027949	1	1	1	46	"1;2"	"id_037"	100	5	5	0	1	2
15	0.880428844242748	1	3	1	49	"1;2"	"id_037"	100	5	5	0	1	2
16	1.08111877186404	2	1	1	50	"1;2"	"id_037"	100	5	5	0	1	2
17	0.5	2	4	1	54	"1;2"	"id_037"	100	5	5	0	1	2
18	0.92969579756372	1	1	1	55	"1;2"	"id_037"	100	5	5	0	1	2
19	0.826068502158885	2	4	1	59	"1;2"	"id_037"	100	5	5	0	1	2
20	1.28352538970475	2	3	1	62	"1;2"	"id_037"	100	5	5	0	1	2
1	0.81529207694834	1	5	2	5	"1;2"	"id_037"	100	5	5	0	1	2
2	0.87523482642157	2	9	2	14	"1;2"	"id_037"	100	5	5	0	1	2
3	0.953166403083722	1	4	2	18	"1;2"	"id_037"	100	5	5	0	1	2
4	0.971908469300478	2	14	2	32	"1;2"	"id_037"	100	5	5	0	1	2
5	0.5	2	12	2	44	"1;2"	"id_037"	100	5	5	0	1	2
6	0.72261686330498	2	-1	2	43	"1;2"	"id_037"	100	5	5	0	1	2
7	1.0556818358617	2	17	2	60	"1;2"	"id_037"	100	5	5	0	1	2
8	0.859528510280625	2	-9	2	51	"1;2"	"id_037"	100	5	5	0	1	2
9	0.5	1	5	2	56	"1;2"	"id_037"	100	5	5	0	1	2
10	1.18972322470703	2	21	2	77	"1;2"	"id_037"	100	5	5	0	1	2
11	0.683728073585238	1	-3	2	74	"1;2"	"id_037"	100	5	5	0	1	2
12	0.7102365812607	2	4	2	78	"1;2"	"id_037"	100	5	5	0	1	2
13	1.03406321095177	2	-2	2	76	"1;2"	"id_037"	100	5	5	0	1	2
14	0.700959399095296	2	-10	2	66	"1;2"	"id_037"	100	5	5	0	1	2
15	0.668313770851536	2	-7	2	59	"1;2"	"id_037"	100	5	5	0	1	2
16	0.765001675645695	2	2	2	61	"1;2"	"id_037"	100	5	5	0	1	2
17	1.12819069634281	2	6	2	67	"1;2"	"id_037"	100	5	5	0	1	2
18	0.845298159857922	2	-2	2	65	"1;2"	"id_037"	100	5	5	0	1	2
19	0.965255030906	2	4	2	69	"1;2"	"id_037"	100	5	5	0	1	2
20	0.793556012661771	2	4	2	73	"1;2"	"id_037"	100	5	5	0	1	2
21	0.75863464883943	2	5	2	78	"1;2"	"id_037"	100	5	5	0	1	2
22	1.02608070578711	2	26	2	104	"1;2"	"id_037"	100	5	5	0	1	2
23	0.666846416956202	2	0	2	104	"1;2"	"id_037"	100	5	5	0	1	2
24	0.834918223947891	1	4	2	108	"1;2"	"id_037"	100	5	5	0	1	2
25	0.838058519591242	1	8	2	116	"1;2"	"id_037"	100	5	5	0	1	2
1	0.711959393732573	1	4	3	4	"1;2"	"id_037"	100	5	5	0	1	2
2	1.19046241862237	1	8	3	12	"1;2"	"id_037"	100	5	5	0	1	2
3	0.939296371713832	1	8	3	20	"1;2"	"id_037"	100	5	5	0	1	2
4	0.679159066080004	1	5	3	25	"1;2"	"id_037"	100	5	5	0	1	2
5	0.844552883960909	1	0	3	25	"1;2"	"id_037"	100	5	5	0	1	2
6	1.0707107229909	1	2	3	27	"1;2"	"id_037"	100	5	5	0	1	2
7	0.927878421201706	1	5	3	32	"1;2"	"id_037"	100	5	5	0	1	2
8	0.567697627034365	2	25	3	57	"1;2"	"id_037"	100	5	5	0	1	2
9	0.97948981958108	2	23	3	80	"1;2"	"id_037"	100	5	5	0	1	2
10	0.881385986714186	2	-5	3	75	"1;2"	"id_037"	100	5	5	0	1	2
11	0.971322460539603	1	-1	3	74	"1;2"	"id_037"	100	5	5	0	1	2
12	0.967245220326715	2	3	3	77	"1;2"	"id_037"	100	5	5	0	1	2
13	1.0423803113901	2	-10	3	67	"1;2"	"id_037"	100	5	5	0	1	2
14	0.814110934027147	2	5	3	72	"1;2"	"id_037"	100	5	5	0	1	2
15	0.678277607423199	2	11	3	83	"1;2"	"id_037"	100	5	5	0	1	2
16	0.84460584123693	1	3	3	86	"1;2"	"id_037"	100	5	5	0	1	2
17	0.5	1	2	3	88	"1;2"	"id_037"	100	5	5	0	1	2
18	1.09792137217874	2	-9	3	79	"1;2"	"id_037"	100	5	5	0	1	2
19	0.87126738133747	2	12	3	91	"1;2"	"id_037"	100	5	5	0	1	2
20	0.937097303412069	2	-10	3	81	"1;2"	"id_037"	100	5	5	0	1	2
21	0.647439314373544	2	-14	3	67	"1;2"	"id_037"	100	5	5	0	1	2
22	0.68254348535883	2	8	3	75	"1;2"	"id_037"	100	5	5	0	1	2
23	1.40731932205227	2	5	3	80	"1;2"	"id_037"	100	5	5	0	1	2
24	1.12087736212928	2	16	3	96	"1;2"	"id_037"	100	5	5	0	1	2
25	0.85769729282925	1	5	3	101	"1;2"	"id_037"	100	5	5	0	1	2
1	0.861519204260898	1	7	4	7	"2;1"	"id_037"	100	5	5	0	1	2
2	1.14581658780871	1	13	4	20	"2;1"	"id_037"	100	5	5	0	1	2
3	0.864135600466697	1	-8	4	12	"2;1"	"id_037"	100	5	5	0	1	2
4	0.915334550401937	1	-1	4	11	"2;1"	"id_037"	100	5	5	0	1	2
5	1.09016617273832	1	-10	4	1	"2;1"	"id_037"	100	5	5	0	1	2
6	0.810177106070223	1	-27	4	-26	"2;1"	"id_037"	100	5	5	0	1	2
7	1.02663731056576	1	6	4	-20	"2;1"	"id_037"	100	5	5	0	1	2
8	0.519493337585336	1	14	4	-6	"2;1"	"id_037"	100	5	5	0	1	2
9	1.03950079794442	1	15	4	9	"2;1"	"id_037"	100	5	5	0	1	2
10	0.886655113844963	1	-7	4	2	"2;1"	"id_037"	100	5	5	0	1	2
11	1.14399504589625	2	5	4	7	"2;1"	"id_037"	100	5	5	0	1	2
12	0.718074068459422	1	4	4	11	"2;1"	"id_037"	100	5	5	0	1	2
13	0.894394354770787	1	-7	4	4	"2;1"	"id_037"	100	5	5	0	1	2
14	0.880367459234429	1	12	4	16	"2;1"	"id_037"	100	5	5	0	1	2
15	1.0351740707003	2	2	4	18	"2;1"	"id_037"	100	5	5	0	1	2
16	0.5	1	1	4	19	"2;1"	"id_037"	100	5	5	0	1	2
17	1.08167538765594	1	14	4	33	"2;1"	"id_037"	100	5	5	0	1	2
18	0.600163263212173	1	6	4	39	"2;1"	"id_037"	100	5	5	0	1	2
19	1.05254084151625	1	7	4	46	"2;1"	"id_037"	100	5	5	0	1	2
20	0.764602991313493	1	2	4	48	"2;1"	"id_037"	100	5	5	0	1	2
21	0.5	1	0	4	48	"2;1"	"id_037"	100	5	5	0	1	2
22	0.5	1	9	4	57	"2;1"	"id_037"	100	5	5	0	1	2
23	0.988891970495267	1	7	4	64	"2;1"	"id_037"	100	5	5	0	1	2
24	0.5	1	2	4	66	"2;1"	"id_037"	100	5	5	0	1	2
25	0.959389243902694	1	-8	4	58	"2;1"	"id_037"	100	5	5	0	1	2
1	0.5	1	5	5	5	"1;2"	"id_037"	100	5	5	0	1	2
2	0.817400333601678	1	5	5	10	"1;2"	"id_037"	100	5	5	0	1	2
3	0.809165566548747	2	12	5	22	"1;2"	"id_037"	100	5	5	0	1	2
4	0.5	2	-5	5	17	"1;2"	"id_037"	100	5	5	0	1	2
5	0.784252709328785	2	3	5	20	"1;2"	"id_037"	100	5	5	0	1	2
6	0.789411609600698	2	19	5	39	"1;2"	"id_037"	100	5	5	0	1	2
7	0.750552686237016	2	11	5	50	"1;2"	"id_037"	100	5	5	0	1	2
8	1.38405416242541	2	6	5	56	"1;2"	"id_037"	100	5	5	0	1	2
9	0.637834584692263	2	15	5	71	"1;2"	"id_037"	100	5	5	0	1	2
10	0.677668314141029	1	6	5	77	"1;2"	"id_037"	100	5	5	0	1	2
11	0.636075100124206	1	5	5	82	"1;2"	"id_037"	100	5	5	0	1	2
12	0.5	1	6	5	88	"1;2"	"id_037"	100	5	5	0	1	2
13	0.765264589729438	1	8	5	96	"1;2"	"id_037"	100	5	5	0	1	2
14	0.765894332750472	1	1	5	97	"1;2"	"id_037"	100	5	5	0	1	2
15	0.508419722170253	1	3	5	100	"1;2"	"id_037"	100	5	5	0	1	2
16	1.15610258532666	1	4	5	104	"1;2"	"id_037"	100	5	5	0	1	2
17	1.10022935521207	1	5	5	109	"1;2"	"id_037"	100	5	5	0	1	2
18	1.06749238193039	1	5	5	114	"1;2"	"id_037"	100	5	5	0	1	2
19	0.510536351137313	1	3	5	117	"1;2"	"id_037"	100	5	5	0	1	2
20	0.921556381675408	1	2	5	119	"1;2"	"id_037"	100	5	5	0	1	2
21	0.836650311639043	1	5	5	124	"1;2"	"id_037"	100	5	5	0	1	2
22	0.683943564449285	1	1	5	125	"1;2"	"id_037"	100	5	5	0	1	2
23	0.625642336623952	1	6	5	131	"1;2"	"id_037"	100	5	5	0	1	2
24	0.869769921441521	1	2	5	133	"1;2"	"id_037"	100	5	5	0	1	2
25	0.799183227647934	2	19	5	152	"1;2"	"id_037"	100	5	5	0	1	2
1	0.921609694344217	1	5	6	5	"1;2"	"id_037"	100	5	5	0	1	2
2	1.10190733290858	1	0	6	5	"1;2"	"id_037"	100	5	5	0	1	2
3	0.681823727211091	1	1	6	6	"1;2"	"id_037"	100	5	5	0	1	2
4	0.616130203074037	1	6	6	12	"1;2"	"id_037"	100	5	5	0	1	2
5	1.06806379455246	1	4	6	16	"1;2"	"id_037"	100	5	5	0	1	2
6	0.538008833575565	1	6	6	22	"1;2"	"id_037"	100	5	5	0	1	2
7	0.5	2	7	6	29	"1;2"	"id_037"	100	5	5	0	1	2
8	0.797489672274064	1	3	6	32	"1;2"	"id_037"	100	5	5	0	1	2
9	0.505698705580009	1	4	6	36	"1;2"	"id_037"	100	5	5	0	1	2
10	0.74215550776812	2	-6	6	30	"1;2"	"id_037"	100	5	5	0	1	2
11	0.725013300195189	2	13	6	43	"1;2"	"id_037"	100	5	5	0	1	2
12	1.11787728557891	2	0	6	43	"1;2"	"id_037"	100	5	5	0	1	2
13	0.5	2	-15	6	28	"1;2"	"id_037"	100	5	5	0	1	2
14	0.538886801261799	2	1	6	29	"1;2"	"id_037"	100	5	5	0	1	2
15	0.797826836825872	2	14	6	43	"1;2"	"id_037"	100	5	5	0	1	2
16	0.616960278079592	2	2	6	45	"1;2"	"id_037"	100	5	5	0	1	2
17	0.806769261691373	2	-14	6	31	"1;2"	"id_037"	100	5	5	0	1	2
18	1.02177117015781	2	15	6	46	"1;2"	"id_037"	100	5	5	0	1	2
19	0.5	2	13	6	59	"1;2"	"id_037"	100	5	5	0	1	2
20	0.580310726165344	2	2	6	61	"1;2"	"id_037"	100	5	5	0	1	2
21	0.6791743365324	2	-3	6	58	"1;2"	"id_037"	100	5	5	0	1	2
22	0.851848126126675	2	5	6	63	"1;2"	"id_037"	100	5	5	0	1	2
23	0.72444309330897	2	-4	6	59	"1;2"	"id_037"	100	5	5	0	1	2
24	0.925177268101938	2	1	6	60	"1;2"	"id_037"	100	5	5	0	1	2
25	0.767841680108992	1	1	6	61	"1;2"	"id_037"	100	5	5	0	1	2
1	0.689963968352997	1	3	7	3	"1;2"	"id_037"	100	5	5	0	1	2
2	0.880434242239747	1	2	7	5	"1;2"	"id_037"	100	5	5	0	1	2
3	0.962922330180348	1	8	7	13	"1;2"	"id_037"	100	5	5	0	1	2
4	0.750697639584195	1	8	7	21	"1;2"	"id_037"	100	5	5	0	1	2
5	0.5	1	4	7	25	"1;2"	"id_037"	100	5	5	0	1	2
6	0.548479534171658	1	3	7	28	"1;2"	"id_037"	100	5	5	0	1	2
7	0.689030683164513	1	2	7	30	"1;2"	"id_037"	100	5	5	0	1	2
8	0.741181454349485	1	3	7	33	"1;2"	"id_037"	100	5	5	0	1	2
9	0.883571048802314	1	4	7	37	"1;2"	"id_037"	100	5	5	0	1	2
10	0.969176662831359	1	6	7	43	"1;2"	"id_037"	100	5	5	0	1	2
11	0.825797369463971	1	5	7	48	"1;2"	"id_037"	100	5	5	0	1	2
12	0.570616578894136	1	2	7	50	"1;2"	"id_037"	100	5	5	0	1	2
13	0.5	1	4	7	54	"1;2"	"id_037"	100	5	5	0	1	2
14	1.05975460866116	1	4	7	58	"1;2"	"id_037"	100	5	5	0	1	2
15	0.5	1	5	7	63	"1;2"	"id_037"	100	5	5	0	1	2
16	0.838204345360997	1	0	7	63	"1;2"	"id_037"	100	5	5	0	1	2
17	0.646171118416237	1	2	7	65	"1;2"	"id_037"	100	5	5	0	1	2
18	0.5	2	29	7	94	"1;2"	"id_037"	100	5	5	0	1	2
19	0.880457139092544	2	13	7	107	"1;2"	"id_037"	100	5	5	0	1	2
20	0.55346986607988	1	8	7	115	"1;2"	"id_037"	100	5	5	0	1	2
21	0.5	1	5	7	120	"1;2"	"id_037"	100	5	5	0	1	2
22	0.672066324846113	1	9	7	129	"1;2"	"id_037"	100	5	5	0	1	2
23	0.644828796236987	1	2	7	131	"1;2"	"id_037"	100	5	5	0	1	2
24	1.06754034819726	2	19	7	150	"1;2"	"id_037"	100	5	5	0	1	2
25	0.5	2	8	7	158	"1;2"	"id_037"	100	5	5	0	1	2
1	0.623073533114904	2	3	8	3	"2;1"	"id_037"	100	5	5	0	1	2
2	0.5	1	-12	8	-9	"2;1"	"id_037"	100	5	5	0	1	2
3	0.502892803376634	2	3	8	-6	"2;1"	"id_037"	100	5	5	0	1	2
4	1.02864184056576	2	4	8	-2	"2;1"	"id_037"	100	5	5	0	1	2
5	0.826671714838305	2	6	8	4	"2;1"	"id_037"	100	5	5	0	1	2
6	0.853447025735851	1	-8	8	-4	"2;1"	"id_037"	100	5	5	0	1	2
7	0.690579716428599	1	7	8	3	"2;1"	"id_037"	100	5	5	0	1	2
8	0.831194375959853	1	-4	8	-1	"2;1"	"id_037"	100	5	5	0	1	2
9	0.730876133695875	1	9	8	8	"2;1"	"id_037"	100	5	5	0	1	2
10	1.11931762709929	1	-1	8	7	"2;1"	"id_037"	100	5	5	0	1	2
11	0.723658990390371	1	4	8	11	"2;1"	"id_037"	100	5	5	0	1	2
12	0.76175093040669	1	1	8	12	"2;1"	"id_037"	100	5	5	0	1	2
13	1.20014091066802	1	7	8	19	"2;1"	"id_037"	100	5	5	0	1	2
14	0.5	1	3	8	22	"2;1"	"id_037"	100	5	5	0	1	2
15	0.837023770298411	1	7	8	29	"2;1"	"id_037"	100	5	5	0	1	2
16	0.5	2	4	8	33	"2;1"	"id_037"	100	5	5	0	1	2
17	0.696258886613554	1	-23	8	10	"2;1"	"id_037"	100	5	5	0	1	2
18	0.654190113670532	1	15	8	25	"2;1"	"id_037"	100	5	5	0	1	2
19	1.28497109272379	2	3	8	28	"2;1"	"id_037"	100	5	5	0	1	2
20	0.890331270762312	1	-4	8	24	"2;1"	"id_037"	100	5	5	0	1	2
21	1.30374835059177	1	11	8	35	"2;1"	"id_037"	100	5	5	0	1	2
22	0.5	2	3	8	38	"2;1"	"id_037"	100	5	5	0	1	2
23	0.74211233717056	1	-4	8	34	"2;1"	"id_037"	100	5	5	0	1	2
24	1.04709924847123	1	2	8	36	"2;1"	"id_037"	100	5	5	0	1	2
25	0.772855348319271	2	1	8	37	"2;1"	"id_037"	100	5	5	0	1	2
1	0.760351390292335	1	2	9	2	"2;1"	"id_037"	100	5	5	0	1	2
2	0.639263649612509	2	3	9	5	"2;1"	"id_037"	100	5	5	0	1	2
3	0.915757437890707	1	-24	9	-19	"2;1"	"id_037"	100	5	5	0	1	2
4	0.702896778488974	1	17	9	-2	"2;1"	"id_037"	100	5	5	0	1	2
5	0.885795034542253	2	2	9	0	"2;1"	"id_037"	100	5	5	0	1	2
6	0.715034102114454	1	-17	9	-17	"2;1"	"id_037"	100	5	5	0	1	2
7	1.08827253296109	2	2	9	-15	"2;1"	"id_037"	100	5	5	0	1	2
8	0.615735668230795	1	-7	9	-22	"2;1"	"id_037"	100	5	5	0	1	2
9	0.857699750255865	1	-2	9	-24	"2;1"	"id_037"	100	5	5	0	1	2
10	0.846003376975952	1	-17	9	-41	"2;1"	"id_037"	100	5	5	0	1	2
11	0.749427716562704	1	-1	9	-42	"2;1"	"id_037"	100	5	5	0	1	2
12	0.700777358567176	1	1	9	-41	"2;1"	"id_037"	100	5	5	0	1	2
13	0.933101271173371	1	-3	9	-44	"2;1"	"id_037"	100	5	5	0	1	2
14	0.880333073326712	1	10	9	-34	"2;1"	"id_037"	100	5	5	0	1	2
15	1.03417603464433	1	10	9	-24	"2;1"	"id_037"	100	5	5	0	1	2
16	0.961265178658813	1	14	9	-10	"2;1"	"id_037"	100	5	5	0	1	2
17	1.20762494271252	1	8	9	-2	"2;1"	"id_037"	100	5	5	0	1	2
18	0.723801278502637	1	24	9	22	"2;1"	"id_037"	100	5	5	0	1	2
19	0.62318876221294	1	-1	9	21	"2;1"	"id_037"	100	5	5	0	1	2
20	0.5	1	24	9	45	"2;1"	"id_037"	100	5	5	0	1	2
21	1.06251599287603	1	-1	9	44	"2;1"	"id_037"	100	5	5	0	1	2
22	0.746841949637021	1	-16	9	28	"2;1"	"id_037"	100	5	5	0	1	2
23	1.03144717033016	1	-7	9	21	"2;1"	"id_037"	100	5	5	0	1	2
24	0.849692209617149	1	-8	9	13	"2;1"	"id_037"	100	5	5	0	1	2
25	0.978091989162703	1	19	9	32	"2;1"	"id_037"	100	5	5	0	1	2
1	0.930105045936587	1	4	10	4	"1;2"	"id_037"	100	5	5	0	1	2
2	0.642008692755435	1	3	10	7	"1;2"	"id_037"	100	5	5	0	1	2
3	1.08714147018632	1	3	10	10	"1;2"	"id_037"	100	5	5	0	1	2
4	0.863122652755975	2	-13	10	-3	"1;2"	"id_037"	100	5	5	0	1	2
5	0.581259723903182	2	-2	10	-5	"1;2"	"id_037"	100	5	5	0	1	2
6	1.01863553389065	2	7	10	2	"1;2"	"id_037"	100	5	5	0	1	2
7	0.5	2	14	10	16	"1;2"	"id_037"	100	5	5	0	1	2
8	0.695235617899774	2	0	10	16	"1;2"	"id_037"	100	5	5	0	1	2
9	0.538228872384756	2	12	10	28	"1;2"	"id_037"	100	5	5	0	1	2
10	0.906433328426293	1	-1	10	27	"1;2"	"id_037"	100	5	5	0	1	2
11	1.00456423521279	2	21	10	48	"1;2"	"id_037"	100	5	5	0	1	2
12	0.546770270039919	2	16	10	64	"1;2"	"id_037"	100	5	5	0	1	2
13	1.00278186550839	2	2	10	66	"1;2"	"id_037"	100	5	5	0	1	2
14	0.5	2	22	10	88	"1;2"	"id_037"	100	5	5	0	1	2
15	0.915312653651131	2	-11	10	77	"1;2"	"id_037"	100	5	5	0	1	2
16	0.772059991362892	2	25	10	102	"1;2"	"id_037"	100	5	5	0	1	2
17	0.79868536559775	2	0	10	102	"1;2"	"id_037"	100	5	5	0	1	2
18	0.5	2	-12	10	90	"1;2"	"id_037"	100	5	5	0	1	2
19	0.634445089679716	2	-3	10	87	"1;2"	"id_037"	100	5	5	0	1	2
20	0.979714627634017	2	-2	10	85	"1;2"	"id_037"	100	5	5	0	1	2
21	0.544225514279227	2	8	10	93	"1;2"	"id_037"	100	5	5	0	1	2
22	0.819602898333345	2	4	10	97	"1;2"	"id_037"	100	5	5	0	1	2
23	0.589247200253676	2	21	10	118	"1;2"	"id_037"	100	5	5	0	1	2
24	1.22141315136053	1	3	10	121	"1;2"	"id_037"	100	5	5	0	1	2
25	0.909645830350843	1	2	10	123	"1;2"	"id_037"	100	5	5	0	1	2
1	0.5	1	8	11	8	"2;1"	"id_037"	100	5	5	0	1	2
2	0.62405714374841	1	10	11	18	"2;1"	"id_037"	100	5	5	0	1	2
3	1.09378882456577	1	-7	11	11	"2;1"	"id_037"	100	5	5	0	1	2
4	1.22280656821008	2	9	11	20	"2;1"	"id_037"	100	5	5	0	1	2
5	1.25762897097048	2	5	11	25	"2;1"	"id_037"	100	5	5	0	1	2
6	0.5	1	-22	11	3	"2;1"	"id_037"	100	5	5	0	1	2
7	0.5	1	-22	11	-19	"2;1"	"id_037"	100	5	5	0	1	2
8	1.00159397122929	1	14	11	-5	"2;1"	"id_037"	100	5	5	0	1	2
9	0.927214978529557	1	2	11	-3	"2;1"	"id_037"	100	5	5	0	1	2
10	0.833800981230012	1	5	11	2	"2;1"	"id_037"	100	5	5	0	1	2
11	0.501889643757829	1	-14	11	-12	"2;1"	"id_037"	100	5	5	0	1	2
12	0.574506636930093	1	-5	11	-17	"2;1"	"id_037"	100	5	5	0	1	2
13	0.694526427935187	1	9	11	-8	"2;1"	"id_037"	100	5	5	0	1	2
14	0.882645170314424	1	-17	11	-25	"2;1"	"id_037"	100	5	5	0	1	2
15	0.658251454503107	2	5	11	-20	"2;1"	"id_037"	100	5	5	0	1	2
16	0.728749771478188	1	10	11	-10	"2;1"	"id_037"	100	5	5	0	1	2
17	1.05533746480695	1	-8	11	-18	"2;1"	"id_037"	100	5	5	0	1	2
18	0.688863146723632	1	24	11	6	"2;1"	"id_037"	100	5	5	0	1	2
19	0.979532585994425	1	-3	11	3	"2;1"	"id_037"	100	5	5	0	1	2
20	0.530111417840555	1	8	11	11	"2;1"	"id_037"	100	5	5	0	1	2
21	1.01456411155839	1	-16	11	-5	"2;1"	"id_037"	100	5	5	0	1	2
22	0.595065048515089	1	25	11	20	"2;1"	"id_037"	100	5	5	0	1	2
23	0.728257229656909	1	1	11	21	"2;1"	"id_037"	100	5	5	0	1	2
24	0.578517295589822	1	-18	11	3	"2;1"	"id_037"	100	5	5	0	1	2
25	0.907640318483681	1	-2	11	1	"2;1"	"id_037"	100	5	5	0	1	2
