"trial"	"time"	"selection"	"outcome"	"game"	"points.cum"	"option.order"	"workerid"	"goal"	"condition"	"n.goals.reached"	"checkFails"	"payout"	"which.high.ev"
1	0.5	2	5	1	5	"2;1"	"id_005"	0	1	NA	0	0.87	2
2	0.875020395734075	2	2	1	7	"2;1"	"id_005"	0	1	NA	0	0.87	2
3	0.5	2	2	1	9	"2;1"	"id_005"	0	1	NA	0	0.87	2
4	1.02553798386224	1	3	1	12	"2;1"	"id_005"	0	1	NA	0	0.87	2
5	0.773830133189621	2	0	1	12	"2;1"	"id_005"	0	1	NA	0	0.87	2
6	0.660438081343252	2	0	1	12	"2;1"	"id_005"	0	1	NA	0	0.87	2
7	0.548041490702776	1	1	1	13	"2;1"	"id_005"	0	1	NA	0	0.87	2
8	0.70028369752477	2	7	1	20	"2;1"	"id_005"	0	1	NA	0	0.87	2
9	0.598630526910148	1	4	1	24	"2;1"	"id_005"	0	1	NA	0	0.87	2
10	0.852880879792096	1	6	1	30	"2;1"	"id_005"	0	1	NA	0	0.87	2
11	0.859528046542225	1	1	1	31	"2;1"	"id_005"	0	1	NA	0	0.87	2
12	0.592507506285399	1	5	1	36	"2;1"	"id_005"	0	1	NA	0	0.87	2
13	0.646074018598843	1	6	1	42	"2;1"	"id_005"	0	1	NA	0	0.87	2
14	0.726610439075934	1	4	1	46	"2;1"	"id_005"	0	1	NA	0	0.87	2
15	1.18216544454983	1	3	1	49	"2;1"	"id_005"	0	1	NA	0	0.87	2
16	0.820803954260247	2	5	1	54	"2;1"	"id_005"	0	1	NA	0	0.87	2
17	0.574176962045808	1	1	1	55	"2;1"	"id_005"	0	1	NA	0	0.87	2
18	0.845480394031986	1	5	1	60	"2;1"	"id_005"	0	1	NA	0	0.87	2
19	0.883939479625881	2	1	1	61	"2;1"	"id_005"	0	1	NA	0	0.87	2
20	1.20211991364233	1	-1	1	60	"2;1"	"id_005"	0	1	NA	0	0.87	2
1	0.970522967377354	1	18	2	18	"2;1"	"id_005"	0	1	NA	0	0.87	2
2	0.930839307770057	2	7	2	25	"2;1"	"id_005"	0	1	NA	0	0.87	2
3	0.517380155726039	1	14	2	39	"2;1"	"id_005"	0	1	NA	0	0.87	2
4	0.954039050057043	1	-1	2	38	"2;1"	"id_005"	0	1	NA	0	0.87	2
5	0.725267722967221	1	0	2	38	"2;1"	"id_005"	0	1	NA	0	0.87	2
6	0.5	1	4	2	42	"2;1"	"id_005"	0	1	NA	0	0.87	2
7	1.26463708289854	1	2	2	44	"2;1"	"id_005"	0	1	NA	0	0.87	2
8	0.712698198428754	2	7	2	51	"2;1"	"id_005"	0	1	NA	0	0.87	2
9	0.619083499546276	1	10	2	61	"2;1"	"id_005"	0	1	NA	0	0.87	2
10	1.03660015583705	1	16	2	77	"2;1"	"id_005"	0	1	NA	0	0.87	2
11	0.740988428025946	1	8	2	85	"2;1"	"id_005"	0	1	NA	0	0.87	2
12	0.631576223424937	1	-15	2	70	"2;1"	"id_005"	0	1	NA	0	0.87	2
13	0.722959853364669	1	-17	2	53	"2;1"	"id_005"	0	1	NA	0	0.87	2
14	0.750274620169193	2	2	2	55	"2;1"	"id_005"	0	1	NA	0	0.87	2
15	0.718388612290847	2	1	2	56	"2;1"	"id_005"	0	1	NA	0	0.87	2
16	1.26571274379733	2	6	2	62	"2;1"	"id_005"	0	1	NA	0	0.87	2
17	1.29878561659829	2	3	2	65	"2;1"	"id_005"	0	1	NA	0	0.87	2
18	0.904129574021721	1	3	2	68	"2;1"	"id_005"	0	1	NA	0	0.87	2
19	0.897756092915155	2	5	2	73	"2;1"	"id_005"	0	1	NA	0	0.87	2
20	1.10948115845757	1	5	2	78	"2;1"	"id_005"	0	1	NA	0	0.87	2
21	0.862507768126574	1	13	2	91	"2;1"	"id_005"	0	1	NA	0	0.87	2
22	0.712480027581817	1	17	2	108	"2;1"	"id_005"	0	1	NA	0	0.87	2
23	0.712912143950311	2	9	2	117	"2;1"	"id_005"	0	1	NA	0	0.87	2
24	0.5	1	9	2	126	"2;1"	"id_005"	0	1	NA	0	0.87	2
25	0.515263031207841	1	-1	2	125	"2;1"	"id_005"	0	1	NA	0	0.87	2
1	1.06865525858061	1	14	3	14	"2;1"	"id_005"	0	1	NA	0	0.87	2
2	0.719702299342751	1	3	3	17	"2;1"	"id_005"	0	1	NA	0	0.87	2
3	1.33776339142156	2	2	3	19	"2;1"	"id_005"	0	1	NA	0	0.87	2
4	0.686222175500494	1	4	3	23	"2;1"	"id_005"	0	1	NA	0	0.87	2
5	0.791639251838048	2	1	3	24	"2;1"	"id_005"	0	1	NA	0	0.87	2
6	0.959240704819698	1	2	3	26	"2;1"	"id_005"	0	1	NA	0	0.87	2
7	0.5	1	-12	3	14	"2;1"	"id_005"	0	1	NA	0	0.87	2
8	0.57603587363749	2	1	3	15	"2;1"	"id_005"	0	1	NA	0	0.87	2
9	0.668562541469876	2	1	3	16	"2;1"	"id_005"	0	1	NA	0	0.87	2
10	0.614359528506579	2	5	3	21	"2;1"	"id_005"	0	1	NA	0	0.87	2
11	0.830712151060948	2	2	3	23	"2;1"	"id_005"	0	1	NA	0	0.87	2
12	0.767883075977284	2	7	3	30	"2;1"	"id_005"	0	1	NA	0	0.87	2
13	0.771646450243321	1	7	3	37	"2;1"	"id_005"	0	1	NA	0	0.87	2
14	0.836736540568111	2	5	3	42	"2;1"	"id_005"	0	1	NA	0	0.87	2
15	0.853330301168173	2	5	3	47	"2;1"	"id_005"	0	1	NA	0	0.87	2
16	0.97424959084565	1	10	3	57	"2;1"	"id_005"	0	1	NA	0	0.87	2
17	0.536421096921954	2	6	3	63	"2;1"	"id_005"	0	1	NA	0	0.87	2
18	0.577465397845437	1	-17	3	46	"2;1"	"id_005"	0	1	NA	0	0.87	2
19	0.518695465799025	1	14	3	60	"2;1"	"id_005"	0	1	NA	0	0.87	2
20	0.906871009627475	1	8	3	68	"2;1"	"id_005"	0	1	NA	0	0.87	2
21	0.543090777485427	2	3	3	71	"2;1"	"id_005"	0	1	NA	0	0.87	2
22	0.5	2	6	3	77	"2;1"	"id_005"	0	1	NA	0	0.87	2
23	0.775917802706968	2	-2	3	75	"2;1"	"id_005"	0	1	NA	0	0.87	2
24	0.531621651072187	1	-4	3	71	"2;1"	"id_005"	0	1	NA	0	0.87	2
25	0.670556218324114	1	14	3	85	"2;1"	"id_005"	0	1	NA	0	0.87	2
1	1.02467323927285	2	11	4	11	"1;2"	"id_005"	0	1	NA	0	0.87	2
2	0.938028210319545	2	1	4	12	"1;2"	"id_005"	0	1	NA	0	0.87	2
3	1.540021669349	2	2	4	14	"1;2"	"id_005"	0	1	NA	0	0.87	2
4	0.711790026932856	2	-13	4	1	"1;2"	"id_005"	0	1	NA	0	0.87	2
5	0.7178658541633	1	5	4	6	"1;2"	"id_005"	0	1	NA	0	0.87	2
6	0.954833834398578	2	14	4	20	"1;2"	"id_005"	0	1	NA	0	0.87	2
7	0.5	2	10	4	30	"1;2"	"id_005"	0	1	NA	0	0.87	2
8	0.596588636036156	2	13	4	43	"1;2"	"id_005"	0	1	NA	0	0.87	2
9	0.5	1	3	4	46	"1;2"	"id_005"	0	1	NA	0	0.87	2
10	1.11131140035637	2	7	4	53	"1;2"	"id_005"	0	1	NA	0	0.87	2
11	0.5	2	-16	4	37	"1;2"	"id_005"	0	1	NA	0	0.87	2
12	0.705586121803911	1	8	4	45	"1;2"	"id_005"	0	1	NA	0	0.87	2
13	0.559563259462783	1	3	4	48	"1;2"	"id_005"	0	1	NA	0	0.87	2
14	0.787353363513295	1	3	4	51	"1;2"	"id_005"	0	1	NA	0	0.87	2
15	0.980643678654004	1	5	4	56	"1;2"	"id_005"	0	1	NA	0	0.87	2
16	0.808112211386168	1	6	4	62	"1;2"	"id_005"	0	1	NA	0	0.87	2
17	0.568140748110762	1	5	4	67	"1;2"	"id_005"	0	1	NA	0	0.87	2
18	1.28857288748807	1	8	4	75	"1;2"	"id_005"	0	1	NA	0	0.87	2
19	0.626978307028419	1	7	4	82	"1;2"	"id_005"	0	1	NA	0	0.87	2
20	0.855059655583552	1	2	4	84	"1;2"	"id_005"	0	1	NA	0	0.87	2
21	0.572361675077672	1	3	4	87	"1;2"	"id_005"	0	1	NA	0	0.87	2
22	0.634784736321068	1	6	4	93	"1;2"	"id_005"	0	1	NA	0	0.87	2
23	0.787994042831439	1	0	4	93	"1;2"	"id_005"	0	1	NA	0	0.87	2
24	0.5	1	0	4	93	"1;2"	"id_005"	0	1	NA	0	0.87	2
25	0.5	1	3	4	96	"1;2"	"id_005"	0	1	NA	0	0.87	2
1	0.684136124632602	2	4	5	4	"2;1"	"id_005"	0	1	NA	0	0.87	2
2	0.5	1	19	5	23	"2;1"	"id_005"	0	1	NA	0	0.87	2
3	1.01815569019805	2	7	5	30	"2;1"	"id_005"	0	1	NA	0	0.87	2
4	0.597394474988688	1	12	5	42	"2;1"	"id_005"	0	1	NA	0	0.87	2
5	0.5	1	-1	5	41	"2;1"	"id_005"	0	1	NA	0	0.87	2
6	0.712460549168875	1	18	5	59	"2;1"	"id_005"	0	1	NA	0	0.87	2
7	0.825292204028802	1	2	5	61	"2;1"	"id_005"	0	1	NA	0	0.87	2
8	0.865085912658812	1	9	5	70	"2;1"	"id_005"	0	1	NA	0	0.87	2
9	0.911187439211917	2	2	5	72	"2;1"	"id_005"	0	1	NA	0	0.87	2
10	1.29915905167472	2	4	5	76	"2;1"	"id_005"	0	1	NA	0	0.87	2
11	0.5	1	10	5	86	"2;1"	"id_005"	0	1	NA	0	0.87	2
12	0.575357844622855	2	9	5	95	"2;1"	"id_005"	0	1	NA	0	0.87	2
13	0.954935038741566	2	0	5	95	"2;1"	"id_005"	0	1	NA	0	0.87	2
14	1.01149954686803	1	0	5	95	"2;1"	"id_005"	0	1	NA	0	0.87	2
15	0.910705858878606	1	-5	5	90	"2;1"	"id_005"	0	1	NA	0	0.87	2
16	0.963150764510297	1	21	5	111	"2;1"	"id_005"	0	1	NA	0	0.87	2
17	0.993836117573517	1	12	5	123	"2;1"	"id_005"	0	1	NA	0	0.87	2
18	1.45805160265384	1	-1	5	122	"2;1"	"id_005"	0	1	NA	0	0.87	2
19	0.588479315749279	1	-4	5	118	"2;1"	"id_005"	0	1	NA	0	0.87	2
20	1.01237735347765	1	-4	5	114	"2;1"	"id_005"	0	1	NA	0	0.87	2
21	1.22070344447026	2	7	5	121	"2;1"	"id_005"	0	1	NA	0	0.87	2
22	0.559072864914798	2	5	5	126	"2;1"	"id_005"	0	1	NA	0	0.87	2
23	1.13220372433634	2	7	5	133	"2;1"	"id_005"	0	1	NA	0	0.87	2
24	0.664570537985357	2	4	5	137	"2;1"	"id_005"	0	1	NA	0	0.87	2
25	0.587065363334998	1	6	5	143	"2;1"	"id_005"	0	1	NA	0	0.87	2
1	0.87128857615337	2	-3	6	-3	"1;2"	"id_005"	0	1	NA	0	0.87	2
2	0.635795188405759	1	0	6	-3	"1;2"	"id_005"	0	1	NA	0	0.87	2
3	0.514109462798982	2	4	6	1	"1;2"	"id_005"	0	1	NA	0	0.87	2
4	0.5	1	9	6	10	"1;2"	"id_005"	0	1	NA	0	0.87	2
5	1.16241624691964	1	5	6	15	"1;2"	"id_005"	0	1	NA	0	0.87	2
6	0.753387033875207	1	4	6	19	"1;2"	"id_005"	0	1	NA	0	0.87	2
7	0.5	1	2	6	21	"1;2"	"id_005"	0	1	NA	0	0.87	2
8	0.865143988307001	1	1	6	22	"1;2"	"id_005"	0	1	NA	0	0.87	2
9	0.640824522842071	1	2	6	24	"1;2"	"id_005"	0	1	NA	0	0.87	2
10	1.05055257893906	1	0	6	24	"1;2"	"id_005"	0	1	NA	0	0.87	2
11	0.749046580985606	1	3	6	27	"1;2"	"id_005"	0	1	NA	0	0.87	2
12	0.617242571552901	1	4	6	31	"1;2"	"id_005"	0	1	NA	0	0.87	2
13	0.733821974996832	1	7	6	38	"1;2"	"id_005"	0	1	NA	0	0.87	2
14	1.26436752211947	2	13	6	51	"1;2"	"id_005"	0	1	NA	0	0.87	2
15	1.12771023942248	2	6	6	57	"1;2"	"id_005"	0	1	NA	0	0.87	2
16	0.859230231975926	1	2	6	59	"1;2"	"id_005"	0	1	NA	0	0.87	2
17	0.529010888089328	2	-5	6	54	"1;2"	"id_005"	0	1	NA	0	0.87	2
18	0.951531322210655	2	4	6	58	"1;2"	"id_005"	0	1	NA	0	0.87	2
19	0.699608649430155	2	0	6	58	"1;2"	"id_005"	0	1	NA	0	0.87	2
20	0.802236977133147	1	7	6	65	"1;2"	"id_005"	0	1	NA	0	0.87	2
21	1.05364952537088	1	-2	6	63	"1;2"	"id_005"	0	1	NA	0	0.87	2
22	0.619459394995108	2	-1	6	62	"1;2"	"id_005"	0	1	NA	0	0.87	2
23	0.82462302291078	1	6	6	68	"1;2"	"id_005"	0	1	NA	0	0.87	2
24	0.593834469733813	2	0	6	68	"1;2"	"id_005"	0	1	NA	0	0.87	2
25	1.2212173136228	2	18	6	86	"1;2"	"id_005"	0	1	NA	0	0.87	2
1	0.959206640551867	2	11	7	11	"1;2"	"id_005"	0	1	NA	0	0.87	2
2	0.740410737068191	2	-8	7	3	"1;2"	"id_005"	0	1	NA	0	0.87	2
3	0.757255939649756	2	-5	7	-2	"1;2"	"id_005"	0	1	NA	0	0.87	2
4	1.08409122101748	1	1	7	-1	"1;2"	"id_005"	0	1	NA	0	0.87	2
5	0.597679797726401	2	2	7	1	"1;2"	"id_005"	0	1	NA	0	0.87	2
6	0.834393671877763	1	5	7	6	"1;2"	"id_005"	0	1	NA	0	0.87	2
7	0.662304380063439	2	17	7	23	"1;2"	"id_005"	0	1	NA	0	0.87	2
8	0.873122441320329	2	9	7	32	"1;2"	"id_005"	0	1	NA	0	0.87	2
9	0.999648474944782	1	7	7	39	"1;2"	"id_005"	0	1	NA	0	0.87	2
10	0.685984392934555	1	4	7	43	"1;2"	"id_005"	0	1	NA	0	0.87	2
11	0.998108310741115	1	2	7	45	"1;2"	"id_005"	0	1	NA	0	0.87	2
12	0.688673035676775	1	6	7	51	"1;2"	"id_005"	0	1	NA	0	0.87	2
13	1.22515676925391	2	6	7	57	"1;2"	"id_005"	0	1	NA	0	0.87	2
14	0.779952638056318	2	26	7	83	"1;2"	"id_005"	0	1	NA	0	0.87	2
15	0.891960702929757	1	2	7	85	"1;2"	"id_005"	0	1	NA	0	0.87	2
16	0.694214535233024	1	3	7	88	"1;2"	"id_005"	0	1	NA	0	0.87	2
17	0.896144057660786	2	29	7	117	"1;2"	"id_005"	0	1	NA	0	0.87	2
18	0.593121424462471	1	3	7	120	"1;2"	"id_005"	0	1	NA	0	0.87	2
19	0.929091389722288	2	-4	7	116	"1;2"	"id_005"	0	1	NA	0	0.87	2
20	0.5	1	7	7	123	"1;2"	"id_005"	0	1	NA	0	0.87	2
21	0.624161565631742	1	6	7	129	"1;2"	"id_005"	0	1	NA	0	0.87	2
22	0.712028649405324	1	6	7	135	"1;2"	"id_005"	0	1	NA	0	0.87	2
23	0.991767657998672	2	5	7	140	"1;2"	"id_005"	0	1	NA	0	0.87	2
24	0.692310515233211	1	9	7	149	"1;2"	"id_005"	0	1	NA	0	0.87	2
25	0.699280260834144	2	-15	7	134	"1;2"	"id_005"	0	1	NA	0	0.87	2
1	0.830218386193402	2	-4	8	-4	"2;1"	"id_005"	0	1	NA	0	0.87	2
2	0.908502267367621	1	-5	8	-9	"2;1"	"id_005"	0	1	NA	0	0.87	2
3	0.636325955538056	2	2	8	-7	"2;1"	"id_005"	0	1	NA	0	0.87	2
4	1.09837275556019	2	1	8	-6	"2;1"	"id_005"	0	1	NA	0	0.87	2
5	0.5	2	6	8	0	"2;1"	"id_005"	0	1	NA	0	0.87	2
6	0.553873984175055	2	2	8	2	"2;1"	"id_005"	0	1	NA	0	0.87	2
7	0.821773284941306	2	2	8	4	"2;1"	"id_005"	0	1	NA	0	0.87	2
8	1.11875573069451	2	1	8	5	"2;1"	"id_005"	0	1	NA	0	0.87	2
9	0.647915096425092	2	1	8	6	"2;1"	"id_005"	0	1	NA	0	0.87	2
10	0.5	1	-13	8	-7	"2;1"	"id_005"	0	1	NA	0	0.87	2
11	0.5	1	-8	8	-15	"2;1"	"id_005"	0	1	NA	0	0.87	2
12	0.65249139574122	2	1	8	-14	"2;1"	"id_005"	0	1	NA	0	0.87	2
13	0.998490279548227	2	4	8	-10	"2;1"	"id_005"	0	1	NA	0	0.87	2
14	0.895767489227499	2	3	8	-7	"2;1"	"id_005"	0	1	NA	0	0.87	2
15	0.835578831186495	2	5	8	-2	"2;1"	"id_005"	0	1	NA	0	0.87	2
16	0.910585916523881	2	7	8	5	"2;1"	"id_005"	0	1	NA	0	0.87	2
17	1.25460922752002	1	13	8	18	"2;1"	"id_005"	0	1	NA	0	0.87	2
18	0.9296979895266	2	4	8	22	"2;1"	"id_005"	0	1	NA	0	0.87	2
19	0.545949870546841	1	4	8	26	"2;1"	"id_005"	0	1	NA	0	0.87	2
20	0.959224877342639	1	-14	8	12	"2;1"	"id_005"	0	1	NA	0	0.87	2
21	0.917258607384313	2	2	8	14	"2;1"	"id_005"	0	1	NA	0	0.87	2
22	0.780746022393171	2	8	8	22	"2;1"	"id_005"	0	1	NA	0	0.87	2
23	0.5	1	-7	8	15	"2;1"	"id_005"	0	1	NA	0	0.87	2
24	0.95740183450401	2	2	8	17	"2;1"	"id_005"	0	1	NA	0	0.87	2
25	1.0161823451131	2	0	8	17	"2;1"	"id_005"	0	1	NA	0	0.87	2
1	1.35320609082761	2	9	9	9	"1;2"	"id_005"	0	1	NA	0	0.87	2
2	0.823001860579618	2	-10	9	-1	"1;2"	"id_005"	0	1	NA	0	0.87	2
3	0.77648388516437	1	5	9	4	"1;2"	"id_005"	0	1	NA	0	0.87	2
4	0.863413766216351	1	1	9	5	"1;2"	"id_005"	0	1	NA	0	0.87	2
5	0.594904984091764	1	4	9	9	"1;2"	"id_005"	0	1	NA	0	0.87	2
6	0.971386319505603	1	4	9	13	"1;2"	"id_005"	0	1	NA	0	0.87	2
7	0.680473192285048	2	-27	9	-14	"1;2"	"id_005"	0	1	NA	0	0.87	2
8	1.21561911979857	1	8	9	-6	"1;2"	"id_005"	0	1	NA	0	0.87	2
9	1.10591253728919	2	12	9	6	"1;2"	"id_005"	0	1	NA	0	0.87	2
10	1.05282567087433	1	4	9	10	"1;2"	"id_005"	0	1	NA	0	0.87	2
11	0.619626329878674	1	4	9	14	"1;2"	"id_005"	0	1	NA	0	0.87	2
12	0.659029405472124	2	-6	9	8	"1;2"	"id_005"	0	1	NA	0	0.87	2
13	0.861008354560214	2	15	9	23	"1;2"	"id_005"	0	1	NA	0	0.87	2
14	1.02914008121976	2	-4	9	19	"1;2"	"id_005"	0	1	NA	0	0.87	2
15	0.667220363084088	1	1	9	20	"1;2"	"id_005"	0	1	NA	0	0.87	2
16	0.744044715629432	2	-2	9	18	"1;2"	"id_005"	0	1	NA	0	0.87	2
17	0.648914417407422	2	-4	9	14	"1;2"	"id_005"	0	1	NA	0	0.87	2
18	0.5	1	-1	9	13	"1;2"	"id_005"	0	1	NA	0	0.87	2
19	0.529488746870461	2	-15	9	-2	"1;2"	"id_005"	0	1	NA	0	0.87	2
20	0.966863266594352	1	7	9	5	"1;2"	"id_005"	0	1	NA	0	0.87	2
21	0.699907689831513	2	-7	9	-2	"1;2"	"id_005"	0	1	NA	0	0.87	2
22	0.807239542351317	2	18	9	16	"1;2"	"id_005"	0	1	NA	0	0.87	2
23	0.755738195752636	1	5	9	21	"1;2"	"id_005"	0	1	NA	0	0.87	2
24	0.819749769512847	2	-14	9	7	"1;2"	"id_005"	0	1	NA	0	0.87	2
25	0.650522435767777	1	2	9	9	"1;2"	"id_005"	0	1	NA	0	0.87	2
1	0.901943359605117	2	3	10	3	"2;1"	"id_005"	0	1	NA	0	0.87	2
2	1.02791360513436	1	-9	10	-6	"2;1"	"id_005"	0	1	NA	0	0.87	2
3	1.2575784988209	1	20	10	14	"2;1"	"id_005"	0	1	NA	0	0.87	2
4	0.602889047219145	1	-11	10	3	"2;1"	"id_005"	0	1	NA	0	0.87	2
5	0.642547808473744	1	2	10	5	"2;1"	"id_005"	0	1	NA	0	0.87	2
6	0.906150695309663	1	8	10	13	"2;1"	"id_005"	0	1	NA	0	0.87	2
7	1.20961528035181	2	3	10	16	"2;1"	"id_005"	0	1	NA	0	0.87	2
8	1.03961139598204	2	9	10	25	"2;1"	"id_005"	0	1	NA	0	0.87	2
9	0.98791719701992	1	0	10	25	"2;1"	"id_005"	0	1	NA	0	0.87	2
10	0.5	2	3	10	28	"2;1"	"id_005"	0	1	NA	0	0.87	2
11	1.21372310053963	1	3	10	31	"2;1"	"id_005"	0	1	NA	0	0.87	2
12	0.5	1	10	10	41	"2;1"	"id_005"	0	1	NA	0	0.87	2
13	0.765976206807639	2	1	10	42	"2;1"	"id_005"	0	1	NA	0	0.87	2
14	0.913873178219036	2	3	10	45	"2;1"	"id_005"	0	1	NA	0	0.87	2
15	0.695763146113637	1	18	10	63	"2;1"	"id_005"	0	1	NA	0	0.87	2
16	1.0455214022802	1	5	10	68	"2;1"	"id_005"	0	1	NA	0	0.87	2
17	0.942678801939778	1	23	10	91	"2;1"	"id_005"	0	1	NA	0	0.87	2
18	0.996664865160206	2	4	10	95	"2;1"	"id_005"	0	1	NA	0	0.87	2
19	0.940493783632534	1	10	10	105	"2;1"	"id_005"	0	1	NA	0	0.87	2
20	0.705785937594846	1	6	10	111	"2;1"	"id_005"	0	1	NA	0	0.87	2
21	0.785356600636899	1	14	10	125	"2;1"	"id_005"	0	1	NA	0	0.87	2
22	0.5	2	4	10	129	"2;1"	"id_005"	0	1	NA	0	0.87	2
23	0.859053575327789	2	2	10	131	"2;1"	"id_005"	0	1	NA	0	0.87	2
24	0.920490552949261	1	-12	10	119	"2;1"	"id_005"	0	1	NA	0	0.87	2
25	0.5	2	5	10	124	"2;1"	"id_005"	0	1	NA	0	0.87	2
1	0.794396175372151	1	1	11	1	"1;2"	"id_005"	0	1	NA	0	0.87	2
2	0.970993510464766	2	-1	11	0	"1;2"	"id_005"	0	1	NA	0	0.87	2
3	0.827422038944275	2	5	11	5	"1;2"	"id_005"	0	1	NA	0	0.87	2
4	0.665584551119444	1	4	11	9	"1;2"	"id_005"	0	1	NA	0	0.87	2
5	0.529582832280599	2	1	11	10	"1;2"	"id_005"	0	1	NA	0	0.87	2
6	0.5	1	3	11	13	"1;2"	"id_005"	0	1	NA	0	0.87	2
7	1.06234295340333	2	4	11	17	"1;2"	"id_005"	0	1	NA	0	0.87	2
8	0.5	1	5	11	22	"1;2"	"id_005"	0	1	NA	0	0.87	2
9	0.879003522298113	1	4	11	26	"1;2"	"id_005"	0	1	NA	0	0.87	2
10	1.05636779066519	2	12	11	38	"1;2"	"id_005"	0	1	NA	0	0.87	2
11	0.515217502020542	1	5	11	43	"1;2"	"id_005"	0	1	NA	0	0.87	2
12	0.5	1	3	11	46	"1;2"	"id_005"	0	1	NA	0	0.87	2
13	0.720104881014519	1	5	11	51	"1;2"	"id_005"	0	1	NA	0	0.87	2
14	1.2275364604936	1	2	11	53	"1;2"	"id_005"	0	1	NA	0	0.87	2
15	0.958415972391443	1	1	11	54	"1;2"	"id_005"	0	1	NA	0	0.87	2
16	0.660589282817232	2	-7	11	47	"1;2"	"id_005"	0	1	NA	0	0.87	2
17	0.767848025800085	1	8	11	55	"1;2"	"id_005"	0	1	NA	0	0.87	2
18	0.873992117970508	1	6	11	61	"1;2"	"id_005"	0	1	NA	0	0.87	2
19	1.38107660114946	2	19	11	80	"1;2"	"id_005"	0	1	NA	0	0.87	2
20	1.01583559562588	1	3	11	83	"1;2"	"id_005"	0	1	NA	0	0.87	2
21	0.766428559748067	1	3	11	86	"1;2"	"id_005"	0	1	NA	0	0.87	2
22	1.23736755526148	2	-11	11	75	"1;2"	"id_005"	0	1	NA	0	0.87	2
23	0.658566337760696	2	2	11	77	"1;2"	"id_005"	0	1	NA	0	0.87	2
24	0.9259627190789	2	-6	11	71	"1;2"	"id_005"	0	1	NA	0	0.87	2
25	1.17612417512878	1	8	11	79	"1;2"	"id_005"	0	1	NA	0	0.87	2
