"trial"	"time"	"selection"	"outcome"	"game"	"points.cum"	"option.order"	"workerid"	"goal"	"condition"	"n.goals.reached"	"checkFails"	"payout"	"which.high.ev"
1	0.851335803258071	1	4	1	4	"1;2"	"id_113"	100	4	7	0	1.4	2
2	0.694280647489671	2	4	1	8	"1;2"	"id_113"	100	4	7	0	1.4	2
3	0.7091851346903	2	4	1	12	"1;2"	"id_113"	100	4	7	0	1.4	2
4	0.828718411532136	1	6	1	18	"1;2"	"id_113"	100	4	7	0	1.4	2
5	1.01635295089964	2	5	1	23	"1;2"	"id_113"	100	4	7	0	1.4	2
6	0.617781832182915	2	4	1	27	"1;2"	"id_113"	100	4	7	0	1.4	2
7	0.654229293645137	1	1	1	28	"1;2"	"id_113"	100	4	7	0	1.4	2
8	1.35937907747936	2	2	1	30	"1;2"	"id_113"	100	4	7	0	1.4	2
9	0.503512037576257	2	5	1	35	"1;2"	"id_113"	100	4	7	0	1.4	2
10	1.08678960349392	1	2	1	37	"1;2"	"id_113"	100	4	7	0	1.4	2
11	1.17254995514496	1	3	1	40	"1;2"	"id_113"	100	4	7	0	1.4	2
12	0.905508012608723	2	3	1	43	"1;2"	"id_113"	100	4	7	0	1.4	2
13	0.582967855734199	1	1	1	44	"1;2"	"id_113"	100	4	7	0	1.4	2
14	0.928172161977981	2	1	1	45	"1;2"	"id_113"	100	4	7	0	1.4	2
15	0.917406897326704	2	4	1	49	"1;2"	"id_113"	100	4	7	0	1.4	2
16	0.94653727327097	2	7	1	56	"1;2"	"id_113"	100	4	7	0	1.4	2
17	0.734742056277012	1	0	1	56	"1;2"	"id_113"	100	4	7	0	1.4	2
18	0.948636635794468	2	3	1	59	"1;2"	"id_113"	100	4	7	0	1.4	2
19	0.958728933533157	2	6	1	65	"1;2"	"id_113"	100	4	7	0	1.4	2
20	0.855325045201066	2	3	1	68	"1;2"	"id_113"	100	4	7	0	1.4	2
1	0.788548716207227	1	3	2	3	"1;2"	"id_113"	100	4	7	0	1.4	2
2	0.5	1	3	2	6	"1;2"	"id_113"	100	4	7	0	1.4	2
3	0.705800133581107	1	1	2	7	"1;2"	"id_113"	100	4	7	0	1.4	2
4	0.5	1	2	2	9	"1;2"	"id_113"	100	4	7	0	1.4	2
5	0.768397377137776	2	9	2	18	"1;2"	"id_113"	100	4	7	0	1.4	2
6	1.093358792708	2	28	2	46	"1;2"	"id_113"	100	4	7	0	1.4	2
7	0.972725987157873	1	2	2	48	"1;2"	"id_113"	100	4	7	0	1.4	2
8	0.600338289016376	2	0	2	48	"1;2"	"id_113"	100	4	7	0	1.4	2
9	0.947884987502839	1	6	2	54	"1;2"	"id_113"	100	4	7	0	1.4	2
10	0.5	1	3	2	57	"1;2"	"id_113"	100	4	7	0	1.4	2
11	0.5	2	0	2	57	"1;2"	"id_113"	100	4	7	0	1.4	2
12	0.893471728817878	2	4	2	61	"1;2"	"id_113"	100	4	7	0	1.4	2
13	0.577270472086974	2	9	2	70	"1;2"	"id_113"	100	4	7	0	1.4	2
14	0.733573811194417	2	-7	2	63	"1;2"	"id_113"	100	4	7	0	1.4	2
15	0.5	2	11	2	74	"1;2"	"id_113"	100	4	7	0	1.4	2
16	0.740749546368973	2	18	2	92	"1;2"	"id_113"	100	4	7	0	1.4	2
17	1.18752238618517	1	2	2	94	"1;2"	"id_113"	100	4	7	0	1.4	2
18	0.894792275991259	1	4	2	98	"1;2"	"id_113"	100	4	7	0	1.4	2
19	0.717065242144421	1	0	2	98	"1;2"	"id_113"	100	4	7	0	1.4	2
20	1.11405794853194	1	7	2	105	"1;2"	"id_113"	100	4	7	0	1.4	2
21	1.2302647018948	1	0	2	105	"1;2"	"id_113"	100	4	7	0	1.4	2
22	0.955693234275488	2	13	2	118	"1;2"	"id_113"	100	4	7	0	1.4	2
23	0.85417764691712	2	1	2	119	"1;2"	"id_113"	100	4	7	0	1.4	2
24	0.71469861944967	1	2	2	121	"1;2"	"id_113"	100	4	7	0	1.4	2
25	1.11870084542699	1	3	2	124	"1;2"	"id_113"	100	4	7	0	1.4	2
1	0.753362569874024	2	16	3	16	"1;2"	"id_113"	100	4	7	0	1.4	2
2	0.5	2	-4	3	12	"1;2"	"id_113"	100	4	7	0	1.4	2
3	0.990126768589573	2	3	3	15	"1;2"	"id_113"	100	4	7	0	1.4	2
4	1.0523230345546	2	-9	3	6	"1;2"	"id_113"	100	4	7	0	1.4	2
5	1.06663229536468	2	12	3	18	"1;2"	"id_113"	100	4	7	0	1.4	2
6	0.610182249641259	1	-3	3	15	"1;2"	"id_113"	100	4	7	0	1.4	2
7	1.2947193668938	2	-14	3	1	"1;2"	"id_113"	100	4	7	0	1.4	2
8	0.651984138910137	1	9	3	10	"1;2"	"id_113"	100	4	7	0	1.4	2
9	0.803307154375869	2	19	3	29	"1;2"	"id_113"	100	4	7	0	1.4	2
10	0.61341184987087	2	18	3	47	"1;2"	"id_113"	100	4	7	0	1.4	2
11	0.918711985780055	2	13	3	60	"1;2"	"id_113"	100	4	7	0	1.4	2
12	0.875496729174911	1	5	3	65	"1;2"	"id_113"	100	4	7	0	1.4	2
13	0.847379053118703	2	10	3	75	"1;2"	"id_113"	100	4	7	0	1.4	2
14	0.786018911571096	1	4	3	79	"1;2"	"id_113"	100	4	7	0	1.4	2
15	0.760652788548169	2	1	3	80	"1;2"	"id_113"	100	4	7	0	1.4	2
16	0.668013394657609	2	-5	3	75	"1;2"	"id_113"	100	4	7	0	1.4	2
17	0.855683561459453	2	-3	3	72	"1;2"	"id_113"	100	4	7	0	1.4	2
18	0.904825680025994	1	3	3	75	"1;2"	"id_113"	100	4	7	0	1.4	2
19	0.917022479040261	2	4	3	79	"1;2"	"id_113"	100	4	7	0	1.4	2
20	0.887192632633683	1	4	3	83	"1;2"	"id_113"	100	4	7	0	1.4	2
21	1.015039937188	1	6	3	89	"1;2"	"id_113"	100	4	7	0	1.4	2
22	0.563890950164873	1	7	3	96	"1;2"	"id_113"	100	4	7	0	1.4	2
23	1.02757044750012	2	15	3	111	"1;2"	"id_113"	100	4	7	0	1.4	2
24	0.811504306204882	2	-4	3	107	"1;2"	"id_113"	100	4	7	0	1.4	2
25	1.28164506054706	1	4	3	111	"1;2"	"id_113"	100	4	7	0	1.4	2
1	0.718620027682026	1	-1	4	-1	"2;1"	"id_113"	100	4	7	0	1.4	2
2	0.692525933285449	1	-2	4	-3	"2;1"	"id_113"	100	4	7	0	1.4	2
3	0.563231934631384	2	3	4	0	"2;1"	"id_113"	100	4	7	0	1.4	2
4	0.857461701956017	2	8	4	8	"2;1"	"id_113"	100	4	7	0	1.4	2
5	0.641704233600276	1	15	4	23	"2;1"	"id_113"	100	4	7	0	1.4	2
6	1.0747207217014	1	15	4	38	"2;1"	"id_113"	100	4	7	0	1.4	2
7	0.798378650524955	2	4	4	42	"2;1"	"id_113"	100	4	7	0	1.4	2
8	0.5	1	14	4	56	"2;1"	"id_113"	100	4	7	0	1.4	2
9	1.30847135698135	2	8	4	64	"2;1"	"id_113"	100	4	7	0	1.4	2
10	1.03736054274029	2	3	4	67	"2;1"	"id_113"	100	4	7	0	1.4	2
11	0.734732046180187	1	24	4	91	"2;1"	"id_113"	100	4	7	0	1.4	2
12	0.594015621527748	2	1	4	92	"2;1"	"id_113"	100	4	7	0	1.4	2
13	0.5	1	0	4	92	"2;1"	"id_113"	100	4	7	0	1.4	2
14	0.592598764858023	2	6	4	98	"2;1"	"id_113"	100	4	7	0	1.4	2
15	0.5	1	16	4	114	"2;1"	"id_113"	100	4	7	0	1.4	2
16	0.545358029539583	1	5	4	119	"2;1"	"id_113"	100	4	7	0	1.4	2
17	1.10626605442715	1	-10	4	109	"2;1"	"id_113"	100	4	7	0	1.4	2
18	0.885322631913836	2	5	4	114	"2;1"	"id_113"	100	4	7	0	1.4	2
19	0.927803752247974	1	17	4	131	"2;1"	"id_113"	100	4	7	0	1.4	2
20	0.682409046614152	2	-1	4	130	"2;1"	"id_113"	100	4	7	0	1.4	2
21	0.757895088054298	1	9	4	139	"2;1"	"id_113"	100	4	7	0	1.4	2
22	1.01532460147604	2	3	4	142	"2;1"	"id_113"	100	4	7	0	1.4	2
23	0.656722937957859	1	-5	4	137	"2;1"	"id_113"	100	4	7	0	1.4	2
24	0.9181338034358	2	3	4	140	"2;1"	"id_113"	100	4	7	0	1.4	2
25	0.655043175347003	2	3	4	143	"2;1"	"id_113"	100	4	7	0	1.4	2
1	1.12417072812763	1	19	5	19	"2;1"	"id_113"	100	4	7	0	1.4	2
2	1.09690194703337	2	1	5	20	"2;1"	"id_113"	100	4	7	0	1.4	2
3	0.686716279566496	1	-7	5	13	"2;1"	"id_113"	100	4	7	0	1.4	2
4	0.732074935687911	2	1	5	14	"2;1"	"id_113"	100	4	7	0	1.4	2
5	1.2172562649191	2	-2	5	12	"2;1"	"id_113"	100	4	7	0	1.4	2
6	0.5	2	3	5	15	"2;1"	"id_113"	100	4	7	0	1.4	2
7	1.1877519007201	2	7	5	22	"2;1"	"id_113"	100	4	7	0	1.4	2
8	0.792686596617064	1	-1	5	21	"2;1"	"id_113"	100	4	7	0	1.4	2
9	0.802718893030931	2	0	5	21	"2;1"	"id_113"	100	4	7	0	1.4	2
10	0.714738449245977	2	7	5	28	"2;1"	"id_113"	100	4	7	0	1.4	2
11	0.964934521320547	2	5	5	33	"2;1"	"id_113"	100	4	7	0	1.4	2
12	0.5	1	-17	5	16	"2;1"	"id_113"	100	4	7	0	1.4	2
13	0.5	2	5	5	21	"2;1"	"id_113"	100	4	7	0	1.4	2
14	0.695680859254032	1	14	5	35	"2;1"	"id_113"	100	4	7	0	1.4	2
15	0.575268331236091	1	8	5	43	"2;1"	"id_113"	100	4	7	0	1.4	2
16	0.984472133189892	1	4	5	47	"2;1"	"id_113"	100	4	7	0	1.4	2
17	0.519446495357907	2	3	5	50	"2;1"	"id_113"	100	4	7	0	1.4	2
18	0.896293505104067	2	4	5	54	"2;1"	"id_113"	100	4	7	0	1.4	2
19	0.846638398323039	1	2	5	56	"2;1"	"id_113"	100	4	7	0	1.4	2
20	0.604885835542646	1	18	5	74	"2;1"	"id_113"	100	4	7	0	1.4	2
21	0.916967894427766	2	6	5	80	"2;1"	"id_113"	100	4	7	0	1.4	2
22	0.522773540163079	1	10	5	90	"2;1"	"id_113"	100	4	7	0	1.4	2
23	0.579409386685154	2	4	5	94	"2;1"	"id_113"	100	4	7	0	1.4	2
24	0.919658069531838	2	6	5	100	"2;1"	"id_113"	100	4	7	0	1.4	2
25	0.842998383245409	2	8	5	108	"2;1"	"id_113"	100	4	7	0	1.4	2
1	0.5	1	-1	6	-1	"2;1"	"id_113"	100	4	7	0	1.4	2
2	0.926229378165499	1	5	6	4	"2;1"	"id_113"	100	4	7	0	1.4	2
3	0.50903004219319	1	-1	6	3	"2;1"	"id_113"	100	4	7	0	1.4	2
4	1.08394913938839	1	-7	6	-4	"2;1"	"id_113"	100	4	7	0	1.4	2
5	0.611344552672637	2	6	6	2	"2;1"	"id_113"	100	4	7	0	1.4	2
6	0.885487581856469	1	16	6	18	"2;1"	"id_113"	100	4	7	0	1.4	2
7	1.18206737349402	1	18	6	36	"2;1"	"id_113"	100	4	7	0	1.4	2
8	0.5	2	4	6	40	"2;1"	"id_113"	100	4	7	0	1.4	2
9	0.600082928870913	1	9	6	49	"2;1"	"id_113"	100	4	7	0	1.4	2
10	0.679369852772819	2	3	6	52	"2;1"	"id_113"	100	4	7	0	1.4	2
11	0.557731441263524	1	14	6	66	"2;1"	"id_113"	100	4	7	0	1.4	2
12	0.816204825245251	1	11	6	77	"2;1"	"id_113"	100	4	7	0	1.4	2
13	1.26570974138653	2	0	6	77	"2;1"	"id_113"	100	4	7	0	1.4	2
14	0.874665364919518	1	-18	6	59	"2;1"	"id_113"	100	4	7	0	1.4	2
15	0.909852892839937	2	4	6	63	"2;1"	"id_113"	100	4	7	0	1.4	2
16	1.12451908326585	2	2	6	65	"2;1"	"id_113"	100	4	7	0	1.4	2
17	0.667976703430619	1	8	6	73	"2;1"	"id_113"	100	4	7	0	1.4	2
18	0.881678657348416	2	4	6	77	"2;1"	"id_113"	100	4	7	0	1.4	2
19	0.549837349746446	2	1	6	78	"2;1"	"id_113"	100	4	7	0	1.4	2
20	0.50548168019416	1	-7	6	71	"2;1"	"id_113"	100	4	7	0	1.4	2
21	0.758669848173826	2	6	6	77	"2;1"	"id_113"	100	4	7	0	1.4	2
22	0.64474158033036	2	6	6	83	"2;1"	"id_113"	100	4	7	0	1.4	2
23	0.610279789456321	2	2	6	85	"2;1"	"id_113"	100	4	7	0	1.4	2
24	0.901449059132806	1	30	6	115	"2;1"	"id_113"	100	4	7	0	1.4	2
25	1.10505161057065	2	2	6	117	"2;1"	"id_113"	100	4	7	0	1.4	2
1	0.590760182029043	2	12	7	12	"1;2"	"id_113"	100	4	7	0	1.4	2
2	0.970126938031888	2	25	7	37	"1;2"	"id_113"	100	4	7	0	1.4	2
3	0.704420684607793	2	7	7	44	"1;2"	"id_113"	100	4	7	0	1.4	2
4	1.25157317991618	2	13	7	57	"1;2"	"id_113"	100	4	7	0	1.4	2
5	0.781164143661386	1	4	7	61	"1;2"	"id_113"	100	4	7	0	1.4	2
6	0.895386244777411	1	6	7	67	"1;2"	"id_113"	100	4	7	0	1.4	2
7	0.5	2	-8	7	59	"1;2"	"id_113"	100	4	7	0	1.4	2
8	0.644410405068292	1	8	7	67	"1;2"	"id_113"	100	4	7	0	1.4	2
9	0.763881028292841	2	18	7	85	"1;2"	"id_113"	100	4	7	0	1.4	2
10	0.521884511007383	2	15	7	100	"1;2"	"id_113"	100	4	7	0	1.4	2
11	0.787627697511019	2	14	7	114	"1;2"	"id_113"	100	4	7	0	1.4	2
12	0.684274129023902	2	6	7	120	"1;2"	"id_113"	100	4	7	0	1.4	2
13	0.785232203778884	1	6	7	126	"1;2"	"id_113"	100	4	7	0	1.4	2
14	0.559420375426685	2	-7	7	119	"1;2"	"id_113"	100	4	7	0	1.4	2
15	0.703080078610429	2	1	7	120	"1;2"	"id_113"	100	4	7	0	1.4	2
16	0.56420073155748	2	8	7	128	"1;2"	"id_113"	100	4	7	0	1.4	2
17	0.5	1	7	7	135	"1;2"	"id_113"	100	4	7	0	1.4	2
18	1.06757587052588	2	2	7	137	"1;2"	"id_113"	100	4	7	0	1.4	2
19	1.26922869153584	1	2	7	139	"1;2"	"id_113"	100	4	7	0	1.4	2
20	0.678600657133378	1	5	7	144	"1;2"	"id_113"	100	4	7	0	1.4	2
21	1.01580695347001	1	6	7	150	"1;2"	"id_113"	100	4	7	0	1.4	2
22	0.585666805486633	2	1	7	151	"1;2"	"id_113"	100	4	7	0	1.4	2
23	1.28397985918715	1	5	7	156	"1;2"	"id_113"	100	4	7	0	1.4	2
24	0.810839575254707	1	1	7	157	"1;2"	"id_113"	100	4	7	0	1.4	2
25	0.80711544945337	2	-3	7	154	"1;2"	"id_113"	100	4	7	0	1.4	2
1	1.03872396822356	2	1	8	1	"2;1"	"id_113"	100	4	7	0	1.4	2
2	0.935524752109792	1	4	8	5	"2;1"	"id_113"	100	4	7	0	1.4	2
3	0.902621050568154	1	-24	8	-19	"2;1"	"id_113"	100	4	7	0	1.4	2
4	1.1578530569019	2	4	8	-15	"2;1"	"id_113"	100	4	7	0	1.4	2
5	0.758130091028934	2	2	8	-13	"2;1"	"id_113"	100	4	7	0	1.4	2
6	0.578993250810952	1	-11	8	-24	"2;1"	"id_113"	100	4	7	0	1.4	2
7	0.950147937375855	1	18	8	-6	"2;1"	"id_113"	100	4	7	0	1.4	2
8	0.707783430033391	2	0	8	-6	"2;1"	"id_113"	100	4	7	0	1.4	2
9	0.986705894567751	1	8	8	2	"2;1"	"id_113"	100	4	7	0	1.4	2
10	1.04576921367668	2	6	8	8	"2;1"	"id_113"	100	4	7	0	1.4	2
11	0.5	2	5	8	13	"2;1"	"id_113"	100	4	7	0	1.4	2
12	0.536791910222006	1	5	8	18	"2;1"	"id_113"	100	4	7	0	1.4	2
13	1.07804116311084	1	-2	8	16	"2;1"	"id_113"	100	4	7	0	1.4	2
14	0.991536990352143	2	6	8	22	"2;1"	"id_113"	100	4	7	0	1.4	2
15	0.571957921358465	2	3	8	25	"2;1"	"id_113"	100	4	7	0	1.4	2
16	0.656572018951038	1	2	8	27	"2;1"	"id_113"	100	4	7	0	1.4	2
17	0.588878131534294	2	2	8	29	"2;1"	"id_113"	100	4	7	0	1.4	2
18	1.07190255042843	1	0	8	29	"2;1"	"id_113"	100	4	7	0	1.4	2
19	0.699072558063501	1	1	8	30	"2;1"	"id_113"	100	4	7	0	1.4	2
20	1.04535616284474	2	11	8	41	"2;1"	"id_113"	100	4	7	0	1.4	2
21	0.616980445050374	1	-11	8	30	"2;1"	"id_113"	100	4	7	0	1.4	2
22	0.5	2	6	8	36	"2;1"	"id_113"	100	4	7	0	1.4	2
23	0.550039086731995	2	2	8	38	"2;1"	"id_113"	100	4	7	0	1.4	2
24	0.986552684568169	1	-14	8	24	"2;1"	"id_113"	100	4	7	0	1.4	2
25	0.696216459442192	2	3	8	27	"2;1"	"id_113"	100	4	7	0	1.4	2
1	0.817595838572945	1	5	9	5	"2;1"	"id_113"	100	4	7	0	1.4	2
2	0.630829274601774	2	1	9	6	"2;1"	"id_113"	100	4	7	0	1.4	2
3	0.781100247437119	2	2	9	8	"2;1"	"id_113"	100	4	7	0	1.4	2
4	0.5	1	1	9	9	"2;1"	"id_113"	100	4	7	0	1.4	2
5	0.66708972801712	1	0	9	9	"2;1"	"id_113"	100	4	7	0	1.4	2
6	0.910253735186219	1	8	9	17	"2;1"	"id_113"	100	4	7	0	1.4	2
7	0.992982822760316	2	3	9	20	"2;1"	"id_113"	100	4	7	0	1.4	2
8	0.765269364240571	1	-11	9	9	"2;1"	"id_113"	100	4	7	0	1.4	2
9	0.5	1	-1	9	8	"2;1"	"id_113"	100	4	7	0	1.4	2
10	1.0359956074193	2	4	9	12	"2;1"	"id_113"	100	4	7	0	1.4	2
11	0.899450214003662	2	0	9	12	"2;1"	"id_113"	100	4	7	0	1.4	2
12	0.883669382490902	2	7	9	19	"2;1"	"id_113"	100	4	7	0	1.4	2
13	0.682772042444946	2	8	9	27	"2;1"	"id_113"	100	4	7	0	1.4	2
14	0.5	2	7	9	34	"2;1"	"id_113"	100	4	7	0	1.4	2
15	0.531578448900017	1	17	9	51	"2;1"	"id_113"	100	4	7	0	1.4	2
16	0.557862284780249	1	-7	9	44	"2;1"	"id_113"	100	4	7	0	1.4	2
17	0.57853936669107	2	7	9	51	"2;1"	"id_113"	100	4	7	0	1.4	2
18	1.33119639082843	1	-8	9	43	"2;1"	"id_113"	100	4	7	0	1.4	2
19	0.961927706204654	2	10	9	53	"2;1"	"id_113"	100	4	7	0	1.4	2
20	0.899232884832429	2	4	9	57	"2;1"	"id_113"	100	4	7	0	1.4	2
21	0.784879776677797	1	-3	9	54	"2;1"	"id_113"	100	4	7	0	1.4	2
22	0.610425985737024	2	5	9	59	"2;1"	"id_113"	100	4	7	0	1.4	2
23	0.755567428944651	2	5	9	64	"2;1"	"id_113"	100	4	7	0	1.4	2
24	0.538960950222864	2	2	9	66	"2;1"	"id_113"	100	4	7	0	1.4	2
25	1.03872185119054	2	4	9	70	"2;1"	"id_113"	100	4	7	0	1.4	2
1	0.856170756777769	2	5	10	5	"2;1"	"id_113"	100	4	7	0	1.4	2
2	0.519942512005068	1	10	10	15	"2;1"	"id_113"	100	4	7	0	1.4	2
3	0.780672209985401	2	1	10	16	"2;1"	"id_113"	100	4	7	0	1.4	2
4	0.643922387646935	2	4	10	20	"2;1"	"id_113"	100	4	7	0	1.4	2
5	0.740529346098335	1	-6	10	14	"2;1"	"id_113"	100	4	7	0	1.4	2
6	0.517098056732304	2	4	10	18	"2;1"	"id_113"	100	4	7	0	1.4	2
7	1.209079528762	1	3	10	21	"2;1"	"id_113"	100	4	7	0	1.4	2
8	1.09249422161238	1	7	10	28	"2;1"	"id_113"	100	4	7	0	1.4	2
9	0.529095079463332	2	7	10	35	"2;1"	"id_113"	100	4	7	0	1.4	2
10	1.11587695848622	2	-1	10	34	"2;1"	"id_113"	100	4	7	0	1.4	2
11	0.71090558264099	2	2	10	36	"2;1"	"id_113"	100	4	7	0	1.4	2
12	0.5	2	6	10	42	"2;1"	"id_113"	100	4	7	0	1.4	2
13	0.5	1	3	10	45	"2;1"	"id_113"	100	4	7	0	1.4	2
14	1.0671042863876	1	-22	10	23	"2;1"	"id_113"	100	4	7	0	1.4	2
15	0.909043707503228	2	7	10	30	"2;1"	"id_113"	100	4	7	0	1.4	2
16	1.49097947750182	2	3	10	33	"2;1"	"id_113"	100	4	7	0	1.4	2
17	0.5	1	15	10	48	"2;1"	"id_113"	100	4	7	0	1.4	2
18	0.746398156470195	1	7	10	55	"2;1"	"id_113"	100	4	7	0	1.4	2
19	0.888696752956374	1	12	10	67	"2;1"	"id_113"	100	4	7	0	1.4	2
20	0.859716715313354	2	2	10	69	"2;1"	"id_113"	100	4	7	0	1.4	2
21	1.01859475942449	1	9	10	78	"2;1"	"id_113"	100	4	7	0	1.4	2
22	0.711042662226704	2	6	10	84	"2;1"	"id_113"	100	4	7	0	1.4	2
23	0.5	2	2	10	86	"2;1"	"id_113"	100	4	7	0	1.4	2
24	0.5	2	1	10	87	"2;1"	"id_113"	100	4	7	0	1.4	2
25	0.583879072710531	1	2	10	89	"2;1"	"id_113"	100	4	7	0	1.4	2
1	0.629088063302249	1	21	11	21	"2;1"	"id_113"	100	4	7	0	1.4	2
2	0.587642681693181	1	2	11	23	"2;1"	"id_113"	100	4	7	0	1.4	2
3	0.988155995268044	2	3	11	26	"2;1"	"id_113"	100	4	7	0	1.4	2
4	1.27908892387348	2	5	11	31	"2;1"	"id_113"	100	4	7	0	1.4	2
5	0.5	1	7	11	38	"2;1"	"id_113"	100	4	7	0	1.4	2
6	1.08147240747531	2	2	11	40	"2;1"	"id_113"	100	4	7	0	1.4	2
7	0.897691917192642	1	2	11	42	"2;1"	"id_113"	100	4	7	0	1.4	2
8	0.584227767944325	1	3	11	45	"2;1"	"id_113"	100	4	7	0	1.4	2
9	0.795336993750961	2	5	11	50	"2;1"	"id_113"	100	4	7	0	1.4	2
10	0.65403008295298	1	16	11	66	"2;1"	"id_113"	100	4	7	0	1.4	2
11	0.627611801566627	1	15	11	81	"2;1"	"id_113"	100	4	7	0	1.4	2
12	0.81435034293393	1	12	11	93	"2;1"	"id_113"	100	4	7	0	1.4	2
13	0.5	1	1	11	94	"2;1"	"id_113"	100	4	7	0	1.4	2
14	0.853643374468191	2	5	11	99	"2;1"	"id_113"	100	4	7	0	1.4	2
15	0.5	1	2	11	101	"2;1"	"id_113"	100	4	7	0	1.4	2
16	1.05689770104642	1	25	11	126	"2;1"	"id_113"	100	4	7	0	1.4	2
17	0.806152587909952	2	5	11	131	"2;1"	"id_113"	100	4	7	0	1.4	2
18	0.887422745750539	1	16	11	147	"2;1"	"id_113"	100	4	7	0	1.4	2
19	0.5	1	-5	11	142	"2;1"	"id_113"	100	4	7	0	1.4	2
20	0.5	2	3	11	145	"2;1"	"id_113"	100	4	7	0	1.4	2
21	1.26380071662858	2	5	11	150	"2;1"	"id_113"	100	4	7	0	1.4	2
22	0.840396026883653	2	6	11	156	"2;1"	"id_113"	100	4	7	0	1.4	2
23	0.59022875029553	1	0	11	156	"2;1"	"id_113"	100	4	7	0	1.4	2
24	0.616730899656685	1	11	11	167	"2;1"	"id_113"	100	4	7	0	1.4	2
25	0.733741234500759	1	12	11	179	"2;1"	"id_113"	100	4	7	0	1.4	2
