"trial"	"time"	"selection"	"outcome"	"game"	"points.cum"	"option.order"	"workerid"	"goal"	"condition"	"n.goals.reached"	"checkFails"	"payout"	"which.high.ev"
1	0.904034605664939	1	1	1	1	"1;2"	"id_197"	0	1	NA	0	0.86	3
2	0.73940786304429	1	4	1	5	"1;2"	"id_197"	0	1	NA	0	0.86	3
3	0.995195225336177	1	4	1	9	"1;2"	"id_197"	0	1	NA	0	0.86	3
4	0.506605232488508	1	3	1	12	"1;2"	"id_197"	0	1	NA	0	0.86	3
5	1.12831272487171	2	2	1	14	"1;2"	"id_197"	0	1	NA	0	0.86	3
6	0.637341549367417	1	1	1	15	"1;2"	"id_197"	0	1	NA	0	0.86	3
7	0.853145178412496	1	4	1	19	"1;2"	"id_197"	0	1	NA	0	0.86	3
8	0.834936095400639	1	4	1	23	"1;2"	"id_197"	0	1	NA	0	0.86	3
9	0.783936668348618	1	4	1	27	"1;2"	"id_197"	0	1	NA	0	0.86	3
10	0.942574457158498	1	5	1	32	"1;2"	"id_197"	0	1	NA	0	0.86	3
11	0.89061544693127	2	1	1	33	"1;2"	"id_197"	0	1	NA	0	0.86	3
12	0.54750361838813	1	1	1	34	"1;2"	"id_197"	0	1	NA	0	0.86	3
13	0.535684150630845	1	6	1	40	"1;2"	"id_197"	0	1	NA	0	0.86	3
14	0.5	1	3	1	43	"1;2"	"id_197"	0	1	NA	0	0.86	3
15	1.07212150732456	2	2	1	45	"1;2"	"id_197"	0	1	NA	0	0.86	3
16	1.10683112488776	1	2	1	47	"1;2"	"id_197"	0	1	NA	0	0.86	3
17	0.855166190652485	1	0	1	47	"1;2"	"id_197"	0	1	NA	0	0.86	3
18	1.02426901386005	1	4	1	51	"1;2"	"id_197"	0	1	NA	0	0.86	3
19	0.60825961699353	1	6	1	57	"1;2"	"id_197"	0	1	NA	0	0.86	3
20	0.926167482603833	1	1	1	58	"1;2"	"id_197"	0	1	NA	0	0.86	3
1	0.88224648402948	2	-17	2	-17	"1;2"	"id_197"	0	1	NA	0	0.86	3
2	0.738131106764087	1	4	2	-13	"1;2"	"id_197"	0	1	NA	0	0.86	3
3	1.58879645356697	1	1	2	-12	"1;2"	"id_197"	0	1	NA	0	0.86	3
4	0.5	1	6	2	-6	"1;2"	"id_197"	0	1	NA	0	0.86	3
5	0.585184663093342	1	10	2	4	"1;2"	"id_197"	0	1	NA	0	0.86	3
6	0.987800712727023	1	1	2	5	"1;2"	"id_197"	0	1	NA	0	0.86	3
7	0.951598055300009	1	2	2	7	"1;2"	"id_197"	0	1	NA	0	0.86	3
8	1.24248623455059	1	4	2	11	"1;2"	"id_197"	0	1	NA	0	0.86	3
9	0.843535361529779	2	-15	2	-4	"1;2"	"id_197"	0	1	NA	0	0.86	3
10	0.744149576218315	1	3	2	-1	"1;2"	"id_197"	0	1	NA	0	0.86	3
11	0.732931884074456	1	7	2	6	"1;2"	"id_197"	0	1	NA	0	0.86	3
12	1.11246749865238	1	4	2	10	"1;2"	"id_197"	0	1	NA	0	0.86	3
13	0.588815387823382	1	5	2	15	"1;2"	"id_197"	0	1	NA	0	0.86	3
14	0.852482338281616	1	3	2	18	"1;2"	"id_197"	0	1	NA	0	0.86	3
15	0.65047409733988	1	7	2	25	"1;2"	"id_197"	0	1	NA	0	0.86	3
16	0.5	1	8	2	33	"1;2"	"id_197"	0	1	NA	0	0.86	3
17	0.5	2	15	2	48	"1;2"	"id_197"	0	1	NA	0	0.86	3
18	0.900760489966908	1	7	2	55	"1;2"	"id_197"	0	1	NA	0	0.86	3
19	0.5	1	1	2	56	"1;2"	"id_197"	0	1	NA	0	0.86	3
20	0.646858387921347	1	4	2	60	"1;2"	"id_197"	0	1	NA	0	0.86	3
21	0.856314308183256	1	3	2	63	"1;2"	"id_197"	0	1	NA	0	0.86	3
22	0.5	1	4	2	67	"1;2"	"id_197"	0	1	NA	0	0.86	3
23	0.641798317488351	1	1	2	68	"1;2"	"id_197"	0	1	NA	0	0.86	3
24	1.10333768152035	2	15	2	83	"1;2"	"id_197"	0	1	NA	0	0.86	3
25	1.12204297494157	2	27	2	110	"1;2"	"id_197"	0	1	NA	0	0.86	3
1	1.16793564289406	2	3	3	3	"1;2"	"id_197"	0	1	NA	0	0.86	3
2	1.05462857266267	2	-18	3	-15	"1;2"	"id_197"	0	1	NA	0	0.86	3
3	0.67791840292601	1	3	3	-12	"1;2"	"id_197"	0	1	NA	0	0.86	3
4	0.5	1	0	3	-12	"1;2"	"id_197"	0	1	NA	0	0.86	3
5	0.542184942272124	1	7	3	-5	"1;2"	"id_197"	0	1	NA	0	0.86	3
6	0.5	1	4	3	-1	"1;2"	"id_197"	0	1	NA	0	0.86	3
7	1.36010696527285	1	3	3	2	"1;2"	"id_197"	0	1	NA	0	0.86	3
8	0.829675519125158	2	-2	3	0	"1;2"	"id_197"	0	1	NA	0	0.86	3
9	0.877230103525008	1	2	3	2	"1;2"	"id_197"	0	1	NA	0	0.86	3
10	0.599911810899913	1	0	3	2	"1;2"	"id_197"	0	1	NA	0	0.86	3
11	1.02064864822267	1	4	3	6	"1;2"	"id_197"	0	1	NA	0	0.86	3
12	0.5	1	6	3	12	"1;2"	"id_197"	0	1	NA	0	0.86	3
13	0.6273364690987	1	10	3	22	"1;2"	"id_197"	0	1	NA	0	0.86	3
14	1.1308205533955	1	1	3	23	"1;2"	"id_197"	0	1	NA	0	0.86	3
15	1.19071129637801	1	2	3	25	"1;2"	"id_197"	0	1	NA	0	0.86	3
16	0.954715155945868	1	6	3	31	"1;2"	"id_197"	0	1	NA	0	0.86	3
17	1.08215682894555	1	3	3	34	"1;2"	"id_197"	0	1	NA	0	0.86	3
18	0.688559714970689	1	7	3	41	"1;2"	"id_197"	0	1	NA	0	0.86	3
19	0.630165389830083	2	6	3	47	"1;2"	"id_197"	0	1	NA	0	0.86	3
20	0.502524551250402	1	6	3	53	"1;2"	"id_197"	0	1	NA	0	0.86	3
21	0.747634538329375	1	4	3	57	"1;2"	"id_197"	0	1	NA	0	0.86	3
22	0.810742109942586	1	2	3	59	"1;2"	"id_197"	0	1	NA	0	0.86	3
23	0.929030506582664	1	4	3	63	"1;2"	"id_197"	0	1	NA	0	0.86	3
24	0.958216980231032	1	3	3	66	"1;2"	"id_197"	0	1	NA	0	0.86	3
25	1.49936688532056	1	4	3	70	"1;2"	"id_197"	0	1	NA	0	0.86	3
1	0.731829355388375	2	0	4	0	"2;1"	"id_197"	0	1	NA	0	0.86	3
2	0.5	1	5	4	5	"2;1"	"id_197"	0	1	NA	0	0.86	3
3	0.623663991543717	1	7	4	12	"2;1"	"id_197"	0	1	NA	0	0.86	3
4	1.12295468772311	1	9	4	21	"2;1"	"id_197"	0	1	NA	0	0.86	3
5	0.890336875768237	1	28	4	49	"2;1"	"id_197"	0	1	NA	0	0.86	3
6	0.716547033024256	1	0	4	49	"2;1"	"id_197"	0	1	NA	0	0.86	3
7	0.598269941094171	1	17	4	66	"2;1"	"id_197"	0	1	NA	0	0.86	3
8	0.5	1	9	4	75	"2;1"	"id_197"	0	1	NA	0	0.86	3
9	0.879431686063588	1	-1	4	74	"2;1"	"id_197"	0	1	NA	0	0.86	3
10	0.614067104973783	1	7	4	81	"2;1"	"id_197"	0	1	NA	0	0.86	3
11	1.1561080827191	1	14	4	95	"2;1"	"id_197"	0	1	NA	0	0.86	3
12	0.78431369501093	1	20	4	115	"2;1"	"id_197"	0	1	NA	0	0.86	3
13	0.71102851677262	1	15	4	130	"2;1"	"id_197"	0	1	NA	0	0.86	3
14	0.543591897844995	1	-17	4	113	"2;1"	"id_197"	0	1	NA	0	0.86	3
15	0.5	1	-14	4	99	"2;1"	"id_197"	0	1	NA	0	0.86	3
16	0.815607219401343	1	-5	4	94	"2;1"	"id_197"	0	1	NA	0	0.86	3
17	0.692037829952373	2	4	4	98	"2;1"	"id_197"	0	1	NA	0	0.86	3
18	0.668923946233442	2	-1	4	97	"2;1"	"id_197"	0	1	NA	0	0.86	3
19	0.781110816721824	2	3	4	100	"2;1"	"id_197"	0	1	NA	0	0.86	3
20	0.918604791504256	2	3	4	103	"2;1"	"id_197"	0	1	NA	0	0.86	3
21	0.712478716374092	2	3	4	106	"2;1"	"id_197"	0	1	NA	0	0.86	3
22	1.04381447587512	2	5	4	111	"2;1"	"id_197"	0	1	NA	0	0.86	3
23	0.5	2	5	4	116	"2;1"	"id_197"	0	1	NA	0	0.86	3
24	0.696703684376121	2	4	4	120	"2;1"	"id_197"	0	1	NA	0	0.86	3
25	0.988710490120588	2	5	4	125	"2;1"	"id_197"	0	1	NA	0	0.86	3
1	0.728511684017239	1	5	5	5	"1;2"	"id_197"	0	1	NA	0	0.86	3
2	0.627555401159382	1	3	5	8	"1;2"	"id_197"	0	1	NA	0	0.86	3
3	0.983071280461255	1	8	5	16	"1;2"	"id_197"	0	1	NA	0	0.86	3
4	0.93606632894665	1	-2	5	14	"1;2"	"id_197"	0	1	NA	0	0.86	3
5	0.692144133202275	1	9	5	23	"1;2"	"id_197"	0	1	NA	0	0.86	3
6	1.14448924097549	1	8	5	31	"1;2"	"id_197"	0	1	NA	0	0.86	3
7	1.43554347497795	1	7	5	38	"1;2"	"id_197"	0	1	NA	0	0.86	3
8	0.800569912126247	1	3	5	41	"1;2"	"id_197"	0	1	NA	0	0.86	3
9	1.21957388462005	1	4	5	45	"1;2"	"id_197"	0	1	NA	0	0.86	3
10	0.80819418294509	1	3	5	48	"1;2"	"id_197"	0	1	NA	0	0.86	3
11	1.14146461231079	1	3	5	51	"1;2"	"id_197"	0	1	NA	0	0.86	3
12	0.5	1	7	5	58	"1;2"	"id_197"	0	1	NA	0	0.86	3
13	0.939348779791706	2	-5	5	53	"1;2"	"id_197"	0	1	NA	0	0.86	3
14	1.17586000823508	1	2	5	55	"1;2"	"id_197"	0	1	NA	0	0.86	3
15	1.35752399172289	1	1	5	56	"1;2"	"id_197"	0	1	NA	0	0.86	3
16	0.746839388552446	1	1	5	57	"1;2"	"id_197"	0	1	NA	0	0.86	3
17	0.740626904316847	1	2	5	59	"1;2"	"id_197"	0	1	NA	0	0.86	3
18	0.872084229014583	1	6	5	65	"1;2"	"id_197"	0	1	NA	0	0.86	3
19	1.05148749730879	1	3	5	68	"1;2"	"id_197"	0	1	NA	0	0.86	3
20	0.897052970306739	1	9	5	77	"1;2"	"id_197"	0	1	NA	0	0.86	3
21	0.669459880098125	1	3	5	80	"1;2"	"id_197"	0	1	NA	0	0.86	3
22	1.32144061858923	1	6	5	86	"1;2"	"id_197"	0	1	NA	0	0.86	3
23	0.91969641604434	1	3	5	89	"1;2"	"id_197"	0	1	NA	0	0.86	3
24	0.755345640353203	1	7	5	96	"1;2"	"id_197"	0	1	NA	0	0.86	3
25	0.699709142329543	1	5	5	101	"1;2"	"id_197"	0	1	NA	0	0.86	3
1	0.721653325582537	2	3	6	3	"2;1"	"id_197"	0	1	NA	0	0.86	3
2	1.05408702049529	2	-1	6	2	"2;1"	"id_197"	0	1	NA	0	0.86	3
3	1.11703543604224	2	6	6	8	"2;1"	"id_197"	0	1	NA	0	0.86	3
4	0.5	2	5	6	13	"2;1"	"id_197"	0	1	NA	0	0.86	3
5	0.705567688358369	2	0	6	13	"2;1"	"id_197"	0	1	NA	0	0.86	3
6	1.03492294501807	2	5	6	18	"2;1"	"id_197"	0	1	NA	0	0.86	3
7	0.5	2	4	6	22	"2;1"	"id_197"	0	1	NA	0	0.86	3
8	0.5	2	3	6	25	"2;1"	"id_197"	0	1	NA	0	0.86	3
9	0.666437135360866	2	7	6	32	"2;1"	"id_197"	0	1	NA	0	0.86	3
10	0.801168191270337	2	5	6	37	"2;1"	"id_197"	0	1	NA	0	0.86	3
11	1.06540373199933	2	2	6	39	"2;1"	"id_197"	0	1	NA	0	0.86	3
12	0.553896595189339	2	4	6	43	"2;1"	"id_197"	0	1	NA	0	0.86	3
13	0.830981753647135	1	6	6	49	"2;1"	"id_197"	0	1	NA	0	0.86	3
14	0.639497494091638	2	2	6	51	"2;1"	"id_197"	0	1	NA	0	0.86	3
15	1.1577240687331	2	7	6	58	"2;1"	"id_197"	0	1	NA	0	0.86	3
16	0.5	2	5	6	63	"2;1"	"id_197"	0	1	NA	0	0.86	3
17	0.854343355792455	2	3	6	66	"2;1"	"id_197"	0	1	NA	0	0.86	3
18	0.756445746750405	2	9	6	75	"2;1"	"id_197"	0	1	NA	0	0.86	3
19	0.543378976761724	2	11	6	86	"2;1"	"id_197"	0	1	NA	0	0.86	3
20	0.504194164487927	2	1	6	87	"2;1"	"id_197"	0	1	NA	0	0.86	3
21	0.864196608511265	2	3	6	90	"2;1"	"id_197"	0	1	NA	0	0.86	3
22	0.811824724334162	2	4	6	94	"2;1"	"id_197"	0	1	NA	0	0.86	3
23	0.728871681535828	2	2	6	96	"2;1"	"id_197"	0	1	NA	0	0.86	3
24	1.09715251768029	2	6	6	102	"2;1"	"id_197"	0	1	NA	0	0.86	3
25	0.755099482429031	2	3	6	105	"2;1"	"id_197"	0	1	NA	0	0.86	3
1	1.00930956731046	2	-10	7	-10	"1;2"	"id_197"	0	1	NA	0	0.86	3
2	1.12844386222905	1	2	7	-8	"1;2"	"id_197"	0	1	NA	0	0.86	3
3	0.765372742813924	1	5	7	-3	"1;2"	"id_197"	0	1	NA	0	0.86	3
4	0.5	1	2	7	-1	"1;2"	"id_197"	0	1	NA	0	0.86	3
5	0.562854660159465	1	9	7	8	"1;2"	"id_197"	0	1	NA	0	0.86	3
6	0.761663499657578	1	4	7	12	"1;2"	"id_197"	0	1	NA	0	0.86	3
7	0.942977782477205	1	9	7	21	"1;2"	"id_197"	0	1	NA	0	0.86	3
8	0.938989021680807	1	0	7	21	"1;2"	"id_197"	0	1	NA	0	0.86	3
9	1.02863448255918	1	1	7	22	"1;2"	"id_197"	0	1	NA	0	0.86	3
10	0.536985469181153	1	4	7	26	"1;2"	"id_197"	0	1	NA	0	0.86	3
11	0.662371175081746	1	3	7	29	"1;2"	"id_197"	0	1	NA	0	0.86	3
12	0.729652091608932	1	-2	7	27	"1;2"	"id_197"	0	1	NA	0	0.86	3
13	0.813222835734278	2	-14	7	13	"1;2"	"id_197"	0	1	NA	0	0.86	3
14	1.19792163443395	1	1	7	14	"1;2"	"id_197"	0	1	NA	0	0.86	3
15	1.20358192879976	1	4	7	18	"1;2"	"id_197"	0	1	NA	0	0.86	3
16	0.899193669524427	1	2	7	20	"1;2"	"id_197"	0	1	NA	0	0.86	3
17	0.762183303451907	1	7	7	27	"1;2"	"id_197"	0	1	NA	0	0.86	3
18	1.01182090381781	1	4	7	31	"1;2"	"id_197"	0	1	NA	0	0.86	3
19	0.784427160319508	1	3	7	34	"1;2"	"id_197"	0	1	NA	0	0.86	3
20	0.535517138879618	1	5	7	39	"1;2"	"id_197"	0	1	NA	0	0.86	3
21	1.26390008990626	1	5	7	44	"1;2"	"id_197"	0	1	NA	0	0.86	3
22	0.501912750590531	1	3	7	47	"1;2"	"id_197"	0	1	NA	0	0.86	3
23	1.16218249460838	1	4	7	51	"1;2"	"id_197"	0	1	NA	0	0.86	3
24	0.869734172276401	1	3	7	54	"1;2"	"id_197"	0	1	NA	0	0.86	3
25	0.503960102086462	1	5	7	59	"1;2"	"id_197"	0	1	NA	0	0.86	3
1	0.870773681169154	1	-11	8	-11	"2;1"	"id_197"	0	1	NA	0	0.86	3
2	0.950921014016864	2	2	8	-9	"2;1"	"id_197"	0	1	NA	0	0.86	3
3	0.802480840995962	2	5	8	-4	"2;1"	"id_197"	0	1	NA	0	0.86	3
4	0.909733049938118	2	3	8	-1	"2;1"	"id_197"	0	1	NA	0	0.86	3
5	1.00702426279981	2	1	8	0	"2;1"	"id_197"	0	1	NA	0	0.86	3
6	1.11080023916494	2	-1	8	-1	"2;1"	"id_197"	0	1	NA	0	0.86	3
7	1.11703060409223	2	0	8	-1	"2;1"	"id_197"	0	1	NA	0	0.86	3
8	0.620513682606179	2	3	8	2	"2;1"	"id_197"	0	1	NA	0	0.86	3
9	1.0036243898605	1	-18	8	-16	"2;1"	"id_197"	0	1	NA	0	0.86	3
10	0.854454742282484	2	-2	8	-18	"2;1"	"id_197"	0	1	NA	0	0.86	3
11	0.780428116839028	2	3	8	-15	"2;1"	"id_197"	0	1	NA	0	0.86	3
12	0.635990219630624	2	3	8	-12	"2;1"	"id_197"	0	1	NA	0	0.86	3
13	1.02685286078642	2	0	8	-12	"2;1"	"id_197"	0	1	NA	0	0.86	3
14	0.799714286014746	2	4	8	-8	"2;1"	"id_197"	0	1	NA	0	0.86	3
15	0.785255740116771	2	4	8	-4	"2;1"	"id_197"	0	1	NA	0	0.86	3
16	0.789638653635831	2	3	8	-1	"2;1"	"id_197"	0	1	NA	0	0.86	3
17	1.1133083541741	2	3	8	2	"2;1"	"id_197"	0	1	NA	0	0.86	3
18	0.5	2	4	8	6	"2;1"	"id_197"	0	1	NA	0	0.86	3
19	0.836416612810012	2	3	8	9	"2;1"	"id_197"	0	1	NA	0	0.86	3
20	0.5	2	4	8	13	"2;1"	"id_197"	0	1	NA	0	0.86	3
21	0.5	2	7	8	20	"2;1"	"id_197"	0	1	NA	0	0.86	3
22	0.5	2	4	8	24	"2;1"	"id_197"	0	1	NA	0	0.86	3
23	0.817945308146739	1	11	8	35	"2;1"	"id_197"	0	1	NA	0	0.86	3
24	0.817129210856229	1	16	8	51	"2;1"	"id_197"	0	1	NA	0	0.86	3
25	1.14938772676229	1	18	8	69	"2;1"	"id_197"	0	1	NA	0	0.86	3
1	0.574919731506916	1	1	9	1	"1;2"	"id_197"	0	1	NA	0	0.86	3
2	0.891504466297324	2	-19	9	-18	"1;2"	"id_197"	0	1	NA	0	0.86	3
3	0.897972761802342	1	4	9	-14	"1;2"	"id_197"	0	1	NA	0	0.86	3
4	0.830185910115681	1	5	9	-9	"1;2"	"id_197"	0	1	NA	0	0.86	3
5	0.915950888609602	1	3	9	-6	"1;2"	"id_197"	0	1	NA	0	0.86	3
6	0.899802423946276	1	4	9	-2	"1;2"	"id_197"	0	1	NA	0	0.86	3
7	0.5	1	9	9	7	"1;2"	"id_197"	0	1	NA	0	0.86	3
8	1.02862955763884	1	6	9	13	"1;2"	"id_197"	0	1	NA	0	0.86	3
9	0.969363994219762	1	1	9	14	"1;2"	"id_197"	0	1	NA	0	0.86	3
10	0.617493715644617	1	3	9	17	"1;2"	"id_197"	0	1	NA	0	0.86	3
11	0.5	2	17	9	34	"1;2"	"id_197"	0	1	NA	0	0.86	3
12	0.775765086607472	1	6	9	40	"1;2"	"id_197"	0	1	NA	0	0.86	3
13	0.5	1	4	9	44	"1;2"	"id_197"	0	1	NA	0	0.86	3
14	0.840469663383364	1	1	9	45	"1;2"	"id_197"	0	1	NA	0	0.86	3
15	0.674639277418919	1	4	9	49	"1;2"	"id_197"	0	1	NA	0	0.86	3
16	0.651489240390793	2	-10	9	39	"1;2"	"id_197"	0	1	NA	0	0.86	3
17	0.785679752052306	1	4	9	43	"1;2"	"id_197"	0	1	NA	0	0.86	3
18	1.09697529694624	1	3	9	46	"1;2"	"id_197"	0	1	NA	0	0.86	3
19	0.5	1	7	9	53	"1;2"	"id_197"	0	1	NA	0	0.86	3
20	0.761226625250693	1	4	9	57	"1;2"	"id_197"	0	1	NA	0	0.86	3
21	0.712640674015991	1	2	9	59	"1;2"	"id_197"	0	1	NA	0	0.86	3
22	0.85923518333995	1	2	9	61	"1;2"	"id_197"	0	1	NA	0	0.86	3
23	1.1159281516541	1	4	9	65	"1;2"	"id_197"	0	1	NA	0	0.86	3
24	0.96676630751016	1	4	9	69	"1;2"	"id_197"	0	1	NA	0	0.86	3
25	0.773669226895778	1	3	9	72	"1;2"	"id_197"	0	1	NA	0	0.86	3
1	1.02634459623962	2	-8	10	-8	"1;2"	"id_197"	0	1	NA	0	0.86	3
2	0.706659880701675	1	3	10	-5	"1;2"	"id_197"	0	1	NA	0	0.86	3
3	0.552618731135415	1	3	10	-2	"1;2"	"id_197"	0	1	NA	0	0.86	3
4	0.681136576751607	1	1	10	-1	"1;2"	"id_197"	0	1	NA	0	0.86	3
5	0.573340901339934	1	6	10	5	"1;2"	"id_197"	0	1	NA	0	0.86	3
6	1.15650673789261	1	5	10	10	"1;2"	"id_197"	0	1	NA	0	0.86	3
7	1.14366672634793	1	1	10	11	"1;2"	"id_197"	0	1	NA	0	0.86	3
8	0.714927644128802	1	0	10	11	"1;2"	"id_197"	0	1	NA	0	0.86	3
9	1.10402345046747	1	3	10	14	"1;2"	"id_197"	0	1	NA	0	0.86	3
10	0.608231724079761	1	1	10	15	"1;2"	"id_197"	0	1	NA	0	0.86	3
11	0.577641268965194	1	-2	10	13	"1;2"	"id_197"	0	1	NA	0	0.86	3
12	0.7885892745105	1	4	10	17	"1;2"	"id_197"	0	1	NA	0	0.86	3
13	0.55634434831111	1	-1	10	16	"1;2"	"id_197"	0	1	NA	0	0.86	3
14	0.5	1	8	10	24	"1;2"	"id_197"	0	1	NA	0	0.86	3
15	0.502044029983211	1	5	10	29	"1;2"	"id_197"	0	1	NA	0	0.86	3
16	0.874179263461938	1	3	10	32	"1;2"	"id_197"	0	1	NA	0	0.86	3
17	0.5	1	4	10	36	"1;2"	"id_197"	0	1	NA	0	0.86	3
18	0.792202302575974	1	8	10	44	"1;2"	"id_197"	0	1	NA	0	0.86	3
19	0.63204306272072	1	3	10	47	"1;2"	"id_197"	0	1	NA	0	0.86	3
20	0.700735997332681	1	10	10	57	"1;2"	"id_197"	0	1	NA	0	0.86	3
21	0.597995877254946	2	16	10	73	"1;2"	"id_197"	0	1	NA	0	0.86	3
22	1.00992770824472	1	6	10	79	"1;2"	"id_197"	0	1	NA	0	0.86	3
23	1.38206601142565	1	4	10	83	"1;2"	"id_197"	0	1	NA	0	0.86	3
24	0.5	1	4	10	87	"1;2"	"id_197"	0	1	NA	0	0.86	3
25	0.640483776057878	1	5	10	92	"1;2"	"id_197"	0	1	NA	0	0.86	3
1	0.738839629662156	2	6	11	6	"2;1"	"id_197"	0	1	NA	0	0.86	3
2	1.10836017986315	2	6	11	12	"2;1"	"id_197"	0	1	NA	0	0.86	3
3	0.5	2	3	11	15	"2;1"	"id_197"	0	1	NA	0	0.86	3
4	1.00447399188642	2	5	11	20	"2;1"	"id_197"	0	1	NA	0	0.86	3
5	0.797617231636895	2	6	11	26	"2;1"	"id_197"	0	1	NA	0	0.86	3
6	0.537617142925637	2	2	11	28	"2;1"	"id_197"	0	1	NA	0	0.86	3
7	1.18607024671561	2	6	11	34	"2;1"	"id_197"	0	1	NA	0	0.86	3
8	1.31072085227231	2	5	11	39	"2;1"	"id_197"	0	1	NA	0	0.86	3
9	0.676793584432712	2	0	11	39	"2;1"	"id_197"	0	1	NA	0	0.86	3
10	0.9945426904568	2	6	11	45	"2;1"	"id_197"	0	1	NA	0	0.86	3
11	0.819644081371578	2	-1	11	44	"2;1"	"id_197"	0	1	NA	0	0.86	3
12	1.07622147527703	2	3	11	47	"2;1"	"id_197"	0	1	NA	0	0.86	3
13	0.5	2	3	11	50	"2;1"	"id_197"	0	1	NA	0	0.86	3
14	1.3893789813032	2	3	11	53	"2;1"	"id_197"	0	1	NA	0	0.86	3
15	0.870951118876364	2	9	11	62	"2;1"	"id_197"	0	1	NA	0	0.86	3
16	0.733371260359391	2	2	11	64	"2;1"	"id_197"	0	1	NA	0	0.86	3
17	1.27902602571137	2	3	11	67	"2;1"	"id_197"	0	1	NA	0	0.86	3
18	0.837808975212478	2	4	11	71	"2;1"	"id_197"	0	1	NA	0	0.86	3
19	0.5	2	4	11	75	"2;1"	"id_197"	0	1	NA	0	0.86	3
20	0.966298698019968	2	3	11	78	"2;1"	"id_197"	0	1	NA	0	0.86	3
21	1.30171388228841	2	4	11	82	"2;1"	"id_197"	0	1	NA	0	0.86	3
22	1.06082407543028	2	6	11	88	"2;1"	"id_197"	0	1	NA	0	0.86	3
23	1.26651435034759	2	4	11	92	"2;1"	"id_197"	0	1	NA	0	0.86	3
24	0.781869895553126	2	-2	11	90	"2;1"	"id_197"	0	1	NA	0	0.86	3
25	1.00507988171812	2	0	11	90	"2;1"	"id_197"	0	1	NA	0	0.86	3
