"trial"	"time"	"selection"	"outcome"	"game"	"points.cum"	"option.order"	"workerid"	"goal"	"condition"	"n.goals.reached"	"checkFails"	"payout"	"which.high.ev"
1	0.855015169957471	2	3	1	3	"1;2"	"id_133"	100	6	4	0	0.8	1
2	0.759894237356433	2	2	1	5	"1;2"	"id_133"	100	6	4	0	0.8	1
3	0.862675245745257	1	3	1	8	"1;2"	"id_133"	100	6	4	0	0.8	1
4	0.568280992439686	1	7	1	15	"1;2"	"id_133"	100	6	4	0	0.8	1
5	1.12806392959067	1	5	1	20	"1;2"	"id_133"	100	6	4	0	0.8	1
6	0.960464933249696	1	2	1	22	"1;2"	"id_133"	100	6	4	0	0.8	1
7	0.797974934590969	1	0	1	22	"1;2"	"id_133"	100	6	4	0	0.8	1
8	0.825010974698212	2	4	1	26	"1;2"	"id_133"	100	6	4	0	0.8	1
9	0.698225825176149	1	5	1	31	"1;2"	"id_133"	100	6	4	0	0.8	1
10	0.745752431042095	1	3	1	34	"1;2"	"id_133"	100	6	4	0	0.8	1
11	0.652567486204169	1	2	1	36	"1;2"	"id_133"	100	6	4	0	0.8	1
12	0.843425832310455	2	2	1	38	"1;2"	"id_133"	100	6	4	0	0.8	1
13	1.09407497871504	1	2	1	40	"1;2"	"id_133"	100	6	4	0	0.8	1
14	0.884273062255883	2	4	1	44	"1;2"	"id_133"	100	6	4	0	0.8	1
15	0.507573073866511	2	6	1	50	"1;2"	"id_133"	100	6	4	0	0.8	1
16	0.5	2	5	1	55	"1;2"	"id_133"	100	6	4	0	0.8	1
17	0.917100184846282	2	2	1	57	"1;2"	"id_133"	100	6	4	0	0.8	1
18	0.5	1	5	1	62	"1;2"	"id_133"	100	6	4	0	0.8	1
19	1.32382596277654	1	2	1	64	"1;2"	"id_133"	100	6	4	0	0.8	1
20	1.03360987995501	2	5	1	69	"1;2"	"id_133"	100	6	4	0	0.8	1
1	0.825152623879622	2	0	2	0	"2;1"	"id_133"	100	6	4	0	0.8	1
2	0.586722817980356	2	0	2	0	"2;1"	"id_133"	100	6	4	0	0.8	1
3	0.837574333986579	2	5	2	5	"2;1"	"id_133"	100	6	4	0	0.8	1
4	1.37173148089436	1	7	2	12	"2;1"	"id_133"	100	6	4	0	0.8	1
5	0.5	2	2	2	14	"2;1"	"id_133"	100	6	4	0	0.8	1
6	0.927071549414733	2	0	2	14	"2;1"	"id_133"	100	6	4	0	0.8	1
7	0.5	1	-18	2	-4	"2;1"	"id_133"	100	6	4	0	0.8	1
8	0.697791409496784	1	-11	2	-15	"2;1"	"id_133"	100	6	4	0	0.8	1
9	1.22916801359062	1	6	2	-9	"2;1"	"id_133"	100	6	4	0	0.8	1
10	1.22266913446539	1	34	2	25	"2;1"	"id_133"	100	6	4	0	0.8	1
11	0.862652477541801	2	-2	2	23	"2;1"	"id_133"	100	6	4	0	0.8	1
12	0.5	1	-8	2	15	"2;1"	"id_133"	100	6	4	0	0.8	1
13	0.516980772522729	1	16	2	31	"2;1"	"id_133"	100	6	4	0	0.8	1
14	1.19956355939992	1	-12	2	19	"2;1"	"id_133"	100	6	4	0	0.8	1
15	0.599668021866665	1	-12	2	7	"2;1"	"id_133"	100	6	4	0	0.8	1
16	0.766774811295443	1	-3	2	4	"2;1"	"id_133"	100	6	4	0	0.8	1
17	0.55317790472663	2	2	2	6	"2;1"	"id_133"	100	6	4	0	0.8	1
18	0.989769701734095	2	6	2	12	"2;1"	"id_133"	100	6	4	0	0.8	1
19	0.975876878156699	1	13	2	25	"2;1"	"id_133"	100	6	4	0	0.8	1
20	0.794460667939271	2	-2	2	23	"2;1"	"id_133"	100	6	4	0	0.8	1
21	0.792205636620182	2	5	2	28	"2;1"	"id_133"	100	6	4	0	0.8	1
22	0.774454058202979	1	0	2	28	"2;1"	"id_133"	100	6	4	0	0.8	1
23	0.653709709909725	2	2	2	30	"2;1"	"id_133"	100	6	4	0	0.8	1
24	1.23354137158759	1	8	2	38	"2;1"	"id_133"	100	6	4	0	0.8	1
25	1.27504097016312	1	1	2	39	"2;1"	"id_133"	100	6	4	0	0.8	1
1	0.888328678623325	1	26	3	26	"2;1"	"id_133"	100	6	4	0	0.8	1
2	0.719250808887278	1	3	3	29	"2;1"	"id_133"	100	6	4	0	0.8	1
3	0.529620307581533	2	1	3	30	"2;1"	"id_133"	100	6	4	0	0.8	1
4	1.14140994257822	1	-3	3	27	"2;1"	"id_133"	100	6	4	0	0.8	1
5	0.805650838757969	1	-3	3	24	"2;1"	"id_133"	100	6	4	0	0.8	1
6	0.757399353852933	2	6	3	30	"2;1"	"id_133"	100	6	4	0	0.8	1
7	1.06421421809403	2	0	3	30	"2;1"	"id_133"	100	6	4	0	0.8	1
8	1.21397534988044	2	2	3	32	"2;1"	"id_133"	100	6	4	0	0.8	1
9	0.992997657303868	1	14	3	46	"2;1"	"id_133"	100	6	4	0	0.8	1
10	1.18370719583733	1	-10	3	36	"2;1"	"id_133"	100	6	4	0	0.8	1
11	0.5	2	1	3	37	"2;1"	"id_133"	100	6	4	0	0.8	1
12	1.27231431864585	1	-4	3	33	"2;1"	"id_133"	100	6	4	0	0.8	1
13	0.534485198036097	1	-8	3	25	"2;1"	"id_133"	100	6	4	0	0.8	1
14	1.03042553597463	1	4	3	29	"2;1"	"id_133"	100	6	4	0	0.8	1
15	0.786514930013099	1	10	3	39	"2;1"	"id_133"	100	6	4	0	0.8	1
16	0.774950515631562	1	0	3	39	"2;1"	"id_133"	100	6	4	0	0.8	1
17	0.910139742329515	2	4	3	43	"2;1"	"id_133"	100	6	4	0	0.8	1
18	0.760744039370666	2	7	3	50	"2;1"	"id_133"	100	6	4	0	0.8	1
19	1.28951149582956	1	-9	3	41	"2;1"	"id_133"	100	6	4	0	0.8	1
20	0.561305944184233	2	1	3	42	"2;1"	"id_133"	100	6	4	0	0.8	1
21	0.782763677975868	2	3	3	45	"2;1"	"id_133"	100	6	4	0	0.8	1
22	0.740362737262854	1	-5	3	40	"2;1"	"id_133"	100	6	4	0	0.8	1
23	0.553301342500445	2	4	3	44	"2;1"	"id_133"	100	6	4	0	0.8	1
24	0.5	1	13	3	57	"2;1"	"id_133"	100	6	4	0	0.8	1
25	0.883027976832283	1	25	3	82	"2;1"	"id_133"	100	6	4	0	0.8	1
1	0.73724908978464	1	-10	4	-10	"2;1"	"id_133"	100	6	4	0	0.8	1
2	0.666467516801237	1	-12	4	-22	"2;1"	"id_133"	100	6	4	0	0.8	1
3	0.615010916918145	2	5	4	-17	"2;1"	"id_133"	100	6	4	0	0.8	1
4	0.502914334157706	2	6	4	-11	"2;1"	"id_133"	100	6	4	0	0.8	1
5	0.940050064519453	2	-3	4	-14	"2;1"	"id_133"	100	6	4	0	0.8	1
6	0.66888255418851	2	3	4	-11	"2;1"	"id_133"	100	6	4	0	0.8	1
7	0.803622605314684	2	1	4	-10	"2;1"	"id_133"	100	6	4	0	0.8	1
8	0.968785939579584	1	4	4	-6	"2;1"	"id_133"	100	6	4	0	0.8	1
9	0.5	2	5	4	-1	"2;1"	"id_133"	100	6	4	0	0.8	1
10	0.760868605090647	2	5	4	4	"2;1"	"id_133"	100	6	4	0	0.8	1
11	0.980730041709744	1	8	4	12	"2;1"	"id_133"	100	6	4	0	0.8	1
12	0.989039805802611	1	10	4	22	"2;1"	"id_133"	100	6	4	0	0.8	1
13	1.02864468907651	2	0	4	22	"2;1"	"id_133"	100	6	4	0	0.8	1
14	0.753151116610593	1	5	4	27	"2;1"	"id_133"	100	6	4	0	0.8	1
15	0.527899234164353	1	16	4	43	"2;1"	"id_133"	100	6	4	0	0.8	1
16	0.5	1	-1	4	42	"2;1"	"id_133"	100	6	4	0	0.8	1
17	0.56635370505902	2	0	4	42	"2;1"	"id_133"	100	6	4	0	0.8	1
18	0.707056420319315	1	8	4	50	"2;1"	"id_133"	100	6	4	0	0.8	1
19	1.14280686414447	2	3	4	53	"2;1"	"id_133"	100	6	4	0	0.8	1
20	1.09821098930441	1	24	4	77	"2;1"	"id_133"	100	6	4	0	0.8	1
21	0.628032834090772	1	15	4	92	"2;1"	"id_133"	100	6	4	0	0.8	1
22	1.39120302192566	2	6	4	98	"2;1"	"id_133"	100	6	4	0	0.8	1
23	0.607998737587961	2	-1	4	97	"2;1"	"id_133"	100	6	4	0	0.8	1
24	0.667006637626825	1	14	4	111	"2;1"	"id_133"	100	6	4	0	0.8	1
25	0.826753386620842	1	3	4	114	"2;1"	"id_133"	100	6	4	0	0.8	1
1	0.929912761707515	1	2	5	2	"1;2"	"id_133"	100	6	4	0	0.8	1
2	0.5	2	-5	5	-3	"1;2"	"id_133"	100	6	4	0	0.8	1
3	1.08571315978034	1	5	5	2	"1;2"	"id_133"	100	6	4	0	0.8	1
4	0.691870510546489	2	23	5	25	"1;2"	"id_133"	100	6	4	0	0.8	1
5	1.06798797040889	2	0	5	25	"1;2"	"id_133"	100	6	4	0	0.8	1
6	0.713499411016391	1	3	5	28	"1;2"	"id_133"	100	6	4	0	0.8	1
7	1.26600708390146	1	4	5	32	"1;2"	"id_133"	100	6	4	0	0.8	1
8	0.716202786249006	1	3	5	35	"1;2"	"id_133"	100	6	4	0	0.8	1
9	1.07820655728628	1	0	5	35	"1;2"	"id_133"	100	6	4	0	0.8	1
10	0.732054662166825	2	8	5	43	"1;2"	"id_133"	100	6	4	0	0.8	1
11	0.578996947991301	1	0	5	43	"1;2"	"id_133"	100	6	4	0	0.8	1
12	0.5	1	7	5	50	"1;2"	"id_133"	100	6	4	0	0.8	1
13	0.908070247490488	1	2	5	52	"1;2"	"id_133"	100	6	4	0	0.8	1
14	1.00207972889555	2	-3	5	49	"1;2"	"id_133"	100	6	4	0	0.8	1
15	0.5	1	6	5	55	"1;2"	"id_133"	100	6	4	0	0.8	1
16	1.19209430493241	1	-2	5	53	"1;2"	"id_133"	100	6	4	0	0.8	1
17	0.785421925511326	2	-17	5	36	"1;2"	"id_133"	100	6	4	0	0.8	1
18	0.896916656148309	1	1	5	37	"1;2"	"id_133"	100	6	4	0	0.8	1
19	0.735947202911285	2	-4	5	33	"1;2"	"id_133"	100	6	4	0	0.8	1
20	0.5	1	8	5	41	"1;2"	"id_133"	100	6	4	0	0.8	1
21	0.547108344454501	1	1	5	42	"1;2"	"id_133"	100	6	4	0	0.8	1
22	0.830749484620492	2	4	5	46	"1;2"	"id_133"	100	6	4	0	0.8	1
23	0.97579043058093	2	8	5	54	"1;2"	"id_133"	100	6	4	0	0.8	1
24	0.727834583583697	1	5	5	59	"1;2"	"id_133"	100	6	4	0	0.8	1
25	0.855411702500419	2	17	5	76	"1;2"	"id_133"	100	6	4	0	0.8	1
1	0.57175288624258	2	1	6	1	"2;1"	"id_133"	100	6	4	0	0.8	1
2	0.767105539864583	1	17	6	18	"2;1"	"id_133"	100	6	4	0	0.8	1
3	0.5	2	7	6	25	"2;1"	"id_133"	100	6	4	0	0.8	1
4	0.508606545669699	2	3	6	28	"2;1"	"id_133"	100	6	4	0	0.8	1
5	0.914258065468959	1	-21	6	7	"2;1"	"id_133"	100	6	4	0	0.8	1
6	1.31841995699975	2	0	6	7	"2;1"	"id_133"	100	6	4	0	0.8	1
7	0.593082896816514	1	4	6	11	"2;1"	"id_133"	100	6	4	0	0.8	1
8	0.935238498761162	2	2	6	13	"2;1"	"id_133"	100	6	4	0	0.8	1
9	0.797603157543169	2	6	6	19	"2;1"	"id_133"	100	6	4	0	0.8	1
10	0.5	1	-5	6	14	"2;1"	"id_133"	100	6	4	0	0.8	1
11	0.757275779391059	2	3	6	17	"2;1"	"id_133"	100	6	4	0	0.8	1
12	1.40020896289579	1	20	6	37	"2;1"	"id_133"	100	6	4	0	0.8	1
13	0.87056472112202	2	5	6	42	"2;1"	"id_133"	100	6	4	0	0.8	1
14	0.773900274880062	2	0	6	42	"2;1"	"id_133"	100	6	4	0	0.8	1
15	1.2963269453676	2	4	6	46	"2;1"	"id_133"	100	6	4	0	0.8	1
16	0.85765586617107	2	6	6	52	"2;1"	"id_133"	100	6	4	0	0.8	1
17	0.969615413151527	1	23	6	75	"2;1"	"id_133"	100	6	4	0	0.8	1
18	0.80776631435245	1	7	6	82	"2;1"	"id_133"	100	6	4	0	0.8	1
19	0.5	2	2	6	84	"2;1"	"id_133"	100	6	4	0	0.8	1
20	0.955669805560117	2	-2	6	82	"2;1"	"id_133"	100	6	4	0	0.8	1
21	0.643378375151199	2	5	6	87	"2;1"	"id_133"	100	6	4	0	0.8	1
22	0.652487427154137	2	5	6	92	"2;1"	"id_133"	100	6	4	0	0.8	1
23	0.537336101006464	1	11	6	103	"2;1"	"id_133"	100	6	4	0	0.8	1
24	0.589795465789492	2	6	6	109	"2;1"	"id_133"	100	6	4	0	0.8	1
25	0.651210784389283	1	2	6	111	"2;1"	"id_133"	100	6	4	0	0.8	1
1	0.966728108590681	1	16	7	16	"2;1"	"id_133"	100	6	4	0	0.8	1
2	0.733080909637254	1	11	7	27	"2;1"	"id_133"	100	6	4	0	0.8	1
3	0.936319915427443	2	1	7	28	"2;1"	"id_133"	100	6	4	0	0.8	1
4	0.75360203951693	1	4	7	32	"2;1"	"id_133"	100	6	4	0	0.8	1
5	0.920514115312921	2	2	7	34	"2;1"	"id_133"	100	6	4	0	0.8	1
6	0.861965180980286	2	-1	7	33	"2;1"	"id_133"	100	6	4	0	0.8	1
7	0.603185727569834	1	6	7	39	"2;1"	"id_133"	100	6	4	0	0.8	1
8	0.726035358551689	1	4	7	43	"2;1"	"id_133"	100	6	4	0	0.8	1
9	0.896624808536413	1	22	7	65	"2;1"	"id_133"	100	6	4	0	0.8	1
10	1.01478561830631	2	2	7	67	"2;1"	"id_133"	100	6	4	0	0.8	1
11	0.543000351677191	2	-2	7	65	"2;1"	"id_133"	100	6	4	0	0.8	1
12	0.919584720813995	2	-4	7	61	"2;1"	"id_133"	100	6	4	0	0.8	1
13	0.651120540683957	1	10	7	71	"2;1"	"id_133"	100	6	4	0	0.8	1
14	0.699355687202186	1	4	7	75	"2;1"	"id_133"	100	6	4	0	0.8	1
15	1.15167874109527	1	15	7	90	"2;1"	"id_133"	100	6	4	0	0.8	1
16	0.716628888541135	2	-1	7	89	"2;1"	"id_133"	100	6	4	0	0.8	1
17	0.793700397585769	2	-3	7	86	"2;1"	"id_133"	100	6	4	0	0.8	1
18	0.608872558280333	2	0	7	86	"2;1"	"id_133"	100	6	4	0	0.8	1
19	1.10180646095121	1	1	7	87	"2;1"	"id_133"	100	6	4	0	0.8	1
20	0.5	1	12	7	99	"2;1"	"id_133"	100	6	4	0	0.8	1
21	1.3163785021779	1	3	7	102	"2;1"	"id_133"	100	6	4	0	0.8	1
22	0.5	1	0	7	102	"2;1"	"id_133"	100	6	4	0	0.8	1
23	0.634632251414461	1	23	7	125	"2;1"	"id_133"	100	6	4	0	0.8	1
24	1.0457130403382	1	1	7	126	"2;1"	"id_133"	100	6	4	0	0.8	1
25	1.06877868215351	1	-1	7	125	"2;1"	"id_133"	100	6	4	0	0.8	1
1	0.986825581006403	2	-5	8	-5	"1;2"	"id_133"	100	6	4	0	0.8	1
2	0.5	2	8	8	3	"1;2"	"id_133"	100	6	4	0	0.8	1
3	0.647862072050148	1	4	8	7	"1;2"	"id_133"	100	6	4	0	0.8	1
4	1.18696001364748	1	6	8	13	"1;2"	"id_133"	100	6	4	0	0.8	1
5	0.695816965723178	2	-12	8	1	"1;2"	"id_133"	100	6	4	0	0.8	1
6	0.868209069431207	1	-3	8	-2	"1;2"	"id_133"	100	6	4	0	0.8	1
7	0.708784488762111	1	-2	8	-4	"1;2"	"id_133"	100	6	4	0	0.8	1
8	1.01936416760096	1	4	8	0	"1;2"	"id_133"	100	6	4	0	0.8	1
9	0.909753354895997	2	1	8	1	"1;2"	"id_133"	100	6	4	0	0.8	1
10	0.840274068242152	1	3	8	4	"1;2"	"id_133"	100	6	4	0	0.8	1
11	0.600113947498534	2	2	8	6	"1;2"	"id_133"	100	6	4	0	0.8	1
12	1.03458059810089	1	1	8	7	"1;2"	"id_133"	100	6	4	0	0.8	1
13	0.843486338794869	2	-5	8	2	"1;2"	"id_133"	100	6	4	0	0.8	1
14	0.782604181121474	2	-5	8	-3	"1;2"	"id_133"	100	6	4	0	0.8	1
15	1.00317614096724	2	2	8	-1	"1;2"	"id_133"	100	6	4	0	0.8	1
16	0.5	1	3	8	2	"1;2"	"id_133"	100	6	4	0	0.8	1
17	0.989024793609804	1	7	8	9	"1;2"	"id_133"	100	6	4	0	0.8	1
18	0.89895900860418	1	4	8	13	"1;2"	"id_133"	100	6	4	0	0.8	1
19	0.819067661133476	2	-18	8	-5	"1;2"	"id_133"	100	6	4	0	0.8	1
20	1.23089532508979	1	6	8	1	"1;2"	"id_133"	100	6	4	0	0.8	1
21	0.921996554664467	2	-23	8	-22	"1;2"	"id_133"	100	6	4	0	0.8	1
22	0.505650713076386	1	4	8	-18	"1;2"	"id_133"	100	6	4	0	0.8	1
23	0.5	1	1	8	-17	"1;2"	"id_133"	100	6	4	0	0.8	1
24	0.887996576742054	1	2	8	-15	"1;2"	"id_133"	100	6	4	0	0.8	1
25	0.764855696536288	2	5	8	-10	"1;2"	"id_133"	100	6	4	0	0.8	1
1	0.5	1	-1	9	-1	"1;2"	"id_133"	100	6	4	0	0.8	1
2	1.51068159217961	1	0	9	-1	"1;2"	"id_133"	100	6	4	0	0.8	1
3	0.5	2	1	9	0	"1;2"	"id_133"	100	6	4	0	0.8	1
4	0.5	2	-1	9	-1	"1;2"	"id_133"	100	6	4	0	0.8	1
5	1.06104550618237	1	0	9	-1	"1;2"	"id_133"	100	6	4	0	0.8	1
6	0.516575263022096	1	4	9	3	"1;2"	"id_133"	100	6	4	0	0.8	1
7	0.5	1	3	9	6	"1;2"	"id_133"	100	6	4	0	0.8	1
8	0.798662075849229	2	10	9	16	"1;2"	"id_133"	100	6	4	0	0.8	1
9	1.23667339297304	2	-13	9	3	"1;2"	"id_133"	100	6	4	0	0.8	1
10	1.10747930405017	2	11	9	14	"1;2"	"id_133"	100	6	4	0	0.8	1
11	0.895682465686792	1	5	9	19	"1;2"	"id_133"	100	6	4	0	0.8	1
12	0.856167726219625	2	-19	9	0	"1;2"	"id_133"	100	6	4	0	0.8	1
13	0.657548362595377	2	5	9	5	"1;2"	"id_133"	100	6	4	0	0.8	1
14	0.712460004815132	1	4	9	9	"1;2"	"id_133"	100	6	4	0	0.8	1
15	0.87379185662238	2	8	9	17	"1;2"	"id_133"	100	6	4	0	0.8	1
16	0.996776975342659	1	4	9	21	"1;2"	"id_133"	100	6	4	0	0.8	1
17	0.602680619272094	1	3	9	24	"1;2"	"id_133"	100	6	4	0	0.8	1
18	1.0003157660256	1	1	9	25	"1;2"	"id_133"	100	6	4	0	0.8	1
19	0.559575103780671	2	2	9	27	"1;2"	"id_133"	100	6	4	0	0.8	1
20	0.883752670991877	1	5	9	32	"1;2"	"id_133"	100	6	4	0	0.8	1
21	0.5	2	3	9	35	"1;2"	"id_133"	100	6	4	0	0.8	1
22	0.84838958428265	1	0	9	35	"1;2"	"id_133"	100	6	4	0	0.8	1
23	0.686394636489276	2	-27	9	8	"1;2"	"id_133"	100	6	4	0	0.8	1
24	1.23282333607978	2	4	9	12	"1;2"	"id_133"	100	6	4	0	0.8	1
25	0.864582883622361	1	1	9	13	"1;2"	"id_133"	100	6	4	0	0.8	1
1	0.664689747393281	2	1	10	1	"1;2"	"id_133"	100	6	4	0	0.8	1
2	0.901604739788709	2	16	10	17	"1;2"	"id_133"	100	6	4	0	0.8	1
3	1.18862829699333	1	5	10	22	"1;2"	"id_133"	100	6	4	0	0.8	1
4	0.962035703181686	1	4	10	26	"1;2"	"id_133"	100	6	4	0	0.8	1
5	0.739622897161086	2	2	10	28	"1;2"	"id_133"	100	6	4	0	0.8	1
6	1.01299245016683	2	0	10	28	"1;2"	"id_133"	100	6	4	0	0.8	1
7	1.04991945840957	2	-1	10	27	"1;2"	"id_133"	100	6	4	0	0.8	1
8	0.944008825959587	1	1	10	28	"1;2"	"id_133"	100	6	4	0	0.8	1
9	1.03644761291487	1	4	10	32	"1;2"	"id_133"	100	6	4	0	0.8	1
10	0.838106543633891	1	6	10	38	"1;2"	"id_133"	100	6	4	0	0.8	1
11	0.756519642916977	2	4	10	42	"1;2"	"id_133"	100	6	4	0	0.8	1
12	0.651565696304435	1	3	10	45	"1;2"	"id_133"	100	6	4	0	0.8	1
13	0.53065870223265	1	-1	10	44	"1;2"	"id_133"	100	6	4	0	0.8	1
14	0.965884980133631	1	5	10	49	"1;2"	"id_133"	100	6	4	0	0.8	1
15	0.790180971945379	1	1	10	50	"1;2"	"id_133"	100	6	4	0	0.8	1
16	0.608808881632469	2	11	10	61	"1;2"	"id_133"	100	6	4	0	0.8	1
17	0.774517272032659	1	1	10	62	"1;2"	"id_133"	100	6	4	0	0.8	1
18	0.678421351479332	1	2	10	64	"1;2"	"id_133"	100	6	4	0	0.8	1
19	0.858157632584306	1	4	10	68	"1;2"	"id_133"	100	6	4	0	0.8	1
20	1.45539064228199	2	4	10	72	"1;2"	"id_133"	100	6	4	0	0.8	1
21	0.5	2	-4	10	68	"1;2"	"id_133"	100	6	4	0	0.8	1
22	0.587499743393708	2	13	10	81	"1;2"	"id_133"	100	6	4	0	0.8	1
23	0.717345664046497	1	-1	10	80	"1;2"	"id_133"	100	6	4	0	0.8	1
24	0.799760446297753	2	19	10	99	"1;2"	"id_133"	100	6	4	0	0.8	1
25	0.5	1	2	10	101	"1;2"	"id_133"	100	6	4	0	0.8	1
1	0.5	2	6	11	6	"2;1"	"id_133"	100	6	4	0	0.8	1
2	0.5	1	10	11	16	"2;1"	"id_133"	100	6	4	0	0.8	1
3	1.01194999080839	2	1	11	17	"2;1"	"id_133"	100	6	4	0	0.8	1
4	0.784575863876772	2	-4	11	13	"2;1"	"id_133"	100	6	4	0	0.8	1
5	1.30580364621226	1	-18	11	-5	"2;1"	"id_133"	100	6	4	0	0.8	1
6	0.71578225836406	1	2	11	-3	"2;1"	"id_133"	100	6	4	0	0.8	1
7	0.505914580183706	1	1	11	-2	"2;1"	"id_133"	100	6	4	0	0.8	1
8	0.916253870564078	2	4	11	2	"2;1"	"id_133"	100	6	4	0	0.8	1
9	0.583236502198669	2	-2	11	0	"2;1"	"id_133"	100	6	4	0	0.8	1
10	1.27835085552388	1	18	11	18	"2;1"	"id_133"	100	6	4	0	0.8	1
11	1.32161854012775	2	4	11	22	"2;1"	"id_133"	100	6	4	0	0.8	1
12	0.5	2	6	11	28	"2;1"	"id_133"	100	6	4	0	0.8	1
13	0.847198828458782	1	10	11	38	"2;1"	"id_133"	100	6	4	0	0.8	1
14	0.661921076175028	2	1	11	39	"2;1"	"id_133"	100	6	4	0	0.8	1
15	1.28346938726065	2	7	11	46	"2;1"	"id_133"	100	6	4	0	0.8	1
16	0.914114171487242	2	3	11	49	"2;1"	"id_133"	100	6	4	0	0.8	1
17	0.661054737255357	1	-5	11	44	"2;1"	"id_133"	100	6	4	0	0.8	1
18	1.39377841941869	1	1	11	45	"2;1"	"id_133"	100	6	4	0	0.8	1
19	0.591583358546573	1	24	11	69	"2;1"	"id_133"	100	6	4	0	0.8	1
20	0.880913377925838	1	0	11	69	"2;1"	"id_133"	100	6	4	0	0.8	1
21	0.736314876674341	1	1	11	70	"2;1"	"id_133"	100	6	4	0	0.8	1
22	0.913956299093991	1	20	11	90	"2;1"	"id_133"	100	6	4	0	0.8	1
23	0.648448293620644	2	-3	11	87	"2;1"	"id_133"	100	6	4	0	0.8	1
24	1.163507913702	2	3	11	90	"2;1"	"id_133"	100	6	4	0	0.8	1
25	0.799038507191777	2	4	11	94	"2;1"	"id_133"	100	6	4	0	0.8	1
