"trial"	"time"	"selection"	"outcome"	"game"	"points.cum"	"option.order"	"workerid"	"goal"	"condition"	"n.goals.reached"	"checkFails"	"payout"	"which.high.ev"
1	0.817287575452196	2	6	1	6	"1;2"	"id_224"	0	1	NA	0	0.97	3
2	0.93902818732492	2	7	1	13	"1;2"	"id_224"	0	1	NA	0	0.97	3
3	0.641676939994732	2	0	1	13	"1;2"	"id_224"	0	1	NA	0	0.97	3
4	0.568573829982563	2	5	1	18	"1;2"	"id_224"	0	1	NA	0	0.97	3
5	1.12626702097995	2	5	1	23	"1;2"	"id_224"	0	1	NA	0	0.97	3
6	0.5	2	9	1	32	"1;2"	"id_224"	0	1	NA	0	0.97	3
7	0.926726303320231	1	2	1	34	"1;2"	"id_224"	0	1	NA	0	0.97	3
8	1.12427740250725	2	3	1	37	"1;2"	"id_224"	0	1	NA	0	0.97	3
9	0.782376287910189	2	2	1	39	"1;2"	"id_224"	0	1	NA	0	0.97	3
10	0.600262719883026	1	5	1	44	"1;2"	"id_224"	0	1	NA	0	0.97	3
11	0.5	2	2	1	46	"1;2"	"id_224"	0	1	NA	0	0.97	3
12	0.5	1	1	1	47	"1;2"	"id_224"	0	1	NA	0	0.97	3
13	0.5	1	6	1	53	"1;2"	"id_224"	0	1	NA	0	0.97	3
14	0.792569855122788	2	1	1	54	"1;2"	"id_224"	0	1	NA	0	0.97	3
15	0.602040118654693	1	3	1	57	"1;2"	"id_224"	0	1	NA	0	0.97	3
16	0.596320463765574	1	2	1	59	"1;2"	"id_224"	0	1	NA	0	0.97	3
17	0.681585231908875	2	0	1	59	"1;2"	"id_224"	0	1	NA	0	0.97	3
18	1.42309009768256	1	7	1	66	"1;2"	"id_224"	0	1	NA	0	0.97	3
19	0.560316156604226	1	4	1	70	"1;2"	"id_224"	0	1	NA	0	0.97	3
20	1.0310252428572	1	0	1	70	"1;2"	"id_224"	0	1	NA	0	0.97	3
1	0.853695581656896	2	6	2	6	"2;1"	"id_224"	0	1	NA	0	0.97	3
2	0.708389675890237	2	11	2	17	"2;1"	"id_224"	0	1	NA	0	0.97	3
3	0.97733757236667	2	7	2	24	"2;1"	"id_224"	0	1	NA	0	0.97	3
4	0.760497288477187	2	7	2	31	"2;1"	"id_224"	0	1	NA	0	0.97	3
5	0.773635349988174	2	8	2	39	"2;1"	"id_224"	0	1	NA	0	0.97	3
6	0.59668289121429	1	22	2	61	"2;1"	"id_224"	0	1	NA	0	0.97	3
7	0.9275483434326	1	16	2	77	"2;1"	"id_224"	0	1	NA	0	0.97	3
8	0.776588273998033	2	9	2	86	"2;1"	"id_224"	0	1	NA	0	0.97	3
9	0.905002242638398	2	-3	2	83	"2;1"	"id_224"	0	1	NA	0	0.97	3
10	1.40811174229858	1	13	2	96	"2;1"	"id_224"	0	1	NA	0	0.97	3
11	1.02630279079028	2	7	2	103	"2;1"	"id_224"	0	1	NA	0	0.97	3
12	1.323922342975	1	-20	2	83	"2;1"	"id_224"	0	1	NA	0	0.97	3
13	0.595731705481931	2	3	2	86	"2;1"	"id_224"	0	1	NA	0	0.97	3
14	0.636262161210244	2	7	2	93	"2;1"	"id_224"	0	1	NA	0	0.97	3
15	0.699443826989502	1	-18	2	75	"2;1"	"id_224"	0	1	NA	0	0.97	3
16	0.602557109720148	2	4	2	79	"2;1"	"id_224"	0	1	NA	0	0.97	3
17	1.02155627425313	2	1	2	80	"2;1"	"id_224"	0	1	NA	0	0.97	3
18	1.4049924278195	1	13	2	93	"2;1"	"id_224"	0	1	NA	0	0.97	3
19	0.683202246519894	2	5	2	98	"2;1"	"id_224"	0	1	NA	0	0.97	3
20	0.739853221281508	2	8	2	106	"2;1"	"id_224"	0	1	NA	0	0.97	3
21	0.845342605246676	2	7	2	113	"2;1"	"id_224"	0	1	NA	0	0.97	3
22	0.761855411314776	2	3	2	116	"2;1"	"id_224"	0	1	NA	0	0.97	3
23	0.5	2	1	2	117	"2;1"	"id_224"	0	1	NA	0	0.97	3
24	0.896735022649195	2	2	2	119	"2;1"	"id_224"	0	1	NA	0	0.97	3
25	0.537571058352325	1	-1	2	118	"2;1"	"id_224"	0	1	NA	0	0.97	3
1	0.583280552110071	2	7	3	7	"1;2"	"id_224"	0	1	NA	0	0.97	3
2	0.5	2	-5	3	2	"1;2"	"id_224"	0	1	NA	0	0.97	3
3	0.5	1	8	3	10	"1;2"	"id_224"	0	1	NA	0	0.97	3
4	1.06655604129326	1	9	3	19	"1;2"	"id_224"	0	1	NA	0	0.97	3
5	0.503131672746766	2	10	3	29	"1;2"	"id_224"	0	1	NA	0	0.97	3
6	0.947161112031207	2	-7	3	22	"1;2"	"id_224"	0	1	NA	0	0.97	3
7	0.831037904070692	2	14	3	36	"1;2"	"id_224"	0	1	NA	0	0.97	3
8	0.661327830410726	1	4	3	40	"1;2"	"id_224"	0	1	NA	0	0.97	3
9	0.5	1	3	3	43	"1;2"	"id_224"	0	1	NA	0	0.97	3
10	0.879547822456637	1	5	3	48	"1;2"	"id_224"	0	1	NA	0	0.97	3
11	1.22283476902111	1	5	3	53	"1;2"	"id_224"	0	1	NA	0	0.97	3
12	1.03454632446055	1	6	3	59	"1;2"	"id_224"	0	1	NA	0	0.97	3
13	0.5	1	1	3	60	"1;2"	"id_224"	0	1	NA	0	0.97	3
14	0.5	1	3	3	63	"1;2"	"id_224"	0	1	NA	0	0.97	3
15	0.836864139308198	1	6	3	69	"1;2"	"id_224"	0	1	NA	0	0.97	3
16	0.982457941063411	1	1	3	70	"1;2"	"id_224"	0	1	NA	0	0.97	3
17	1.00183288774457	1	0	3	70	"1;2"	"id_224"	0	1	NA	0	0.97	3
18	0.57417545698482	1	5	3	75	"1;2"	"id_224"	0	1	NA	0	0.97	3
19	0.5	1	1	3	76	"1;2"	"id_224"	0	1	NA	0	0.97	3
20	0.5	1	4	3	80	"1;2"	"id_224"	0	1	NA	0	0.97	3
21	0.51883488023806	1	6	3	86	"1;2"	"id_224"	0	1	NA	0	0.97	3
22	0.947135648591759	1	1	3	87	"1;2"	"id_224"	0	1	NA	0	0.97	3
23	0.698119724649904	2	-3	3	84	"1;2"	"id_224"	0	1	NA	0	0.97	3
24	0.5	1	-1	3	83	"1;2"	"id_224"	0	1	NA	0	0.97	3
25	0.685844911913898	2	19	3	102	"1;2"	"id_224"	0	1	NA	0	0.97	3
1	0.816753658819207	1	3	4	3	"1;2"	"id_224"	0	1	NA	0	0.97	3
2	0.947478881873808	1	2	4	5	"1;2"	"id_224"	0	1	NA	0	0.97	3
3	0.536305472252941	1	3	4	8	"1;2"	"id_224"	0	1	NA	0	0.97	3
4	0.89582148836121	1	6	4	14	"1;2"	"id_224"	0	1	NA	0	0.97	3
5	0.738503690127632	1	4	4	18	"1;2"	"id_224"	0	1	NA	0	0.97	3
6	0.648742812003828	1	0	4	18	"1;2"	"id_224"	0	1	NA	0	0.97	3
7	0.700751243681579	1	1	4	19	"1;2"	"id_224"	0	1	NA	0	0.97	3
8	0.722514346752635	1	6	4	25	"1;2"	"id_224"	0	1	NA	0	0.97	3
9	0.971535814469491	1	5	4	30	"1;2"	"id_224"	0	1	NA	0	0.97	3
10	1.18301414381415	1	3	4	33	"1;2"	"id_224"	0	1	NA	0	0.97	3
11	0.697312533173697	1	4	4	37	"1;2"	"id_224"	0	1	NA	0	0.97	3
12	0.597316428947077	2	22	4	59	"1;2"	"id_224"	0	1	NA	0	0.97	3
13	0.770999210770285	1	5	4	64	"1;2"	"id_224"	0	1	NA	0	0.97	3
14	1.3785144423663	1	3	4	67	"1;2"	"id_224"	0	1	NA	0	0.97	3
15	0.938268131993615	2	-4	4	63	"1;2"	"id_224"	0	1	NA	0	0.97	3
16	0.5	2	13	4	76	"1;2"	"id_224"	0	1	NA	0	0.97	3
17	0.5	1	6	4	82	"1;2"	"id_224"	0	1	NA	0	0.97	3
18	0.544506775695424	2	2	4	84	"1;2"	"id_224"	0	1	NA	0	0.97	3
19	0.971602775136674	1	6	4	90	"1;2"	"id_224"	0	1	NA	0	0.97	3
20	0.612272816336572	1	7	4	97	"1;2"	"id_224"	0	1	NA	0	0.97	3
21	0.919988924629253	1	1	4	98	"1;2"	"id_224"	0	1	NA	0	0.97	3
22	0.5	1	3	4	101	"1;2"	"id_224"	0	1	NA	0	0.97	3
23	0.855976345990853	1	3	4	104	"1;2"	"id_224"	0	1	NA	0	0.97	3
24	1.108737533852	1	4	4	108	"1;2"	"id_224"	0	1	NA	0	0.97	3
25	0.840699777060764	2	16	4	124	"1;2"	"id_224"	0	1	NA	0	0.97	3
1	0.729157488136997	1	3	5	3	"1;2"	"id_224"	0	1	NA	0	0.97	3
2	0.822293220209376	1	2	5	5	"1;2"	"id_224"	0	1	NA	0	0.97	3
3	1.29791954997036	1	-2	5	3	"1;2"	"id_224"	0	1	NA	0	0.97	3
4	0.607333195226669	1	5	5	8	"1;2"	"id_224"	0	1	NA	0	0.97	3
5	0.563762730692588	1	5	5	13	"1;2"	"id_224"	0	1	NA	0	0.97	3
6	0.955638604960868	1	8	5	21	"1;2"	"id_224"	0	1	NA	0	0.97	3
7	0.986079547494795	1	4	5	25	"1;2"	"id_224"	0	1	NA	0	0.97	3
8	1.15434638825975	1	6	5	31	"1;2"	"id_224"	0	1	NA	0	0.97	3
9	1.07958149020732	1	4	5	35	"1;2"	"id_224"	0	1	NA	0	0.97	3
10	0.744003129507719	2	9	5	44	"1;2"	"id_224"	0	1	NA	0	0.97	3
11	0.743220077408931	2	19	5	63	"1;2"	"id_224"	0	1	NA	0	0.97	3
12	0.774407179775252	1	6	5	69	"1;2"	"id_224"	0	1	NA	0	0.97	3
13	0.880281202437599	1	3	5	72	"1;2"	"id_224"	0	1	NA	0	0.97	3
14	1.18830529300511	1	4	5	76	"1;2"	"id_224"	0	1	NA	0	0.97	3
15	0.900574809335036	1	7	5	83	"1;2"	"id_224"	0	1	NA	0	0.97	3
16	0.83473866917942	1	4	5	87	"1;2"	"id_224"	0	1	NA	0	0.97	3
17	0.5	1	5	5	92	"1;2"	"id_224"	0	1	NA	0	0.97	3
18	0.785478284350747	1	4	5	96	"1;2"	"id_224"	0	1	NA	0	0.97	3
19	1.10129538906256	1	5	5	101	"1;2"	"id_224"	0	1	NA	0	0.97	3
20	0.916998889454638	1	4	5	105	"1;2"	"id_224"	0	1	NA	0	0.97	3
21	0.999626005939275	1	4	5	109	"1;2"	"id_224"	0	1	NA	0	0.97	3
22	1.12058950057902	2	-8	5	101	"1;2"	"id_224"	0	1	NA	0	0.97	3
23	0.535476106895345	1	4	5	105	"1;2"	"id_224"	0	1	NA	0	0.97	3
24	0.822724335382601	1	3	5	108	"1;2"	"id_224"	0	1	NA	0	0.97	3
25	0.916969776253813	1	3	5	111	"1;2"	"id_224"	0	1	NA	0	0.97	3
1	0.894308379381613	1	7	6	7	"2;1"	"id_224"	0	1	NA	0	0.97	3
2	0.96271906311127	1	5	6	12	"2;1"	"id_224"	0	1	NA	0	0.97	3
3	0.908080502863552	1	-17	6	-5	"2;1"	"id_224"	0	1	NA	0	0.97	3
4	0.706257430220462	1	0	6	-5	"2;1"	"id_224"	0	1	NA	0	0.97	3
5	0.796609257636931	1	1	6	-4	"2;1"	"id_224"	0	1	NA	0	0.97	3
6	0.766853922534739	1	11	6	7	"2;1"	"id_224"	0	1	NA	0	0.97	3
7	0.650875667703578	2	6	6	13	"2;1"	"id_224"	0	1	NA	0	0.97	3
8	1.02617628859234	2	8	6	21	"2;1"	"id_224"	0	1	NA	0	0.97	3
9	1.00592009607067	1	2	6	23	"2;1"	"id_224"	0	1	NA	0	0.97	3
10	0.834777243274757	2	9	6	32	"2;1"	"id_224"	0	1	NA	0	0.97	3
11	0.658718076581353	2	3	6	35	"2;1"	"id_224"	0	1	NA	0	0.97	3
12	0.744982807684213	2	1	6	36	"2;1"	"id_224"	0	1	NA	0	0.97	3
13	0.568429346252081	2	0	6	36	"2;1"	"id_224"	0	1	NA	0	0.97	3
14	0.792980262612415	2	7	6	43	"2;1"	"id_224"	0	1	NA	0	0.97	3
15	0.996704200844485	2	3	6	46	"2;1"	"id_224"	0	1	NA	0	0.97	3
16	0.734052235287191	2	4	6	50	"2;1"	"id_224"	0	1	NA	0	0.97	3
17	0.902922867443197	2	4	6	54	"2;1"	"id_224"	0	1	NA	0	0.97	3
18	1.01929290153821	2	2	6	56	"2;1"	"id_224"	0	1	NA	0	0.97	3
19	0.598434318899236	2	8	6	64	"2;1"	"id_224"	0	1	NA	0	0.97	3
20	1.18348818913388	2	2	6	66	"2;1"	"id_224"	0	1	NA	0	0.97	3
21	0.889951156735215	2	4	6	70	"2;1"	"id_224"	0	1	NA	0	0.97	3
22	1.16596637724533	2	4	6	74	"2;1"	"id_224"	0	1	NA	0	0.97	3
23	0.860597898156069	2	3	6	77	"2;1"	"id_224"	0	1	NA	0	0.97	3
24	0.672142265287154	2	8	6	85	"2;1"	"id_224"	0	1	NA	0	0.97	3
25	0.511835222420256	1	-6	6	79	"2;1"	"id_224"	0	1	NA	0	0.97	3
1	0.5	1	2	7	2	"1;2"	"id_224"	0	1	NA	0	0.97	3
2	1.15624262355915	1	6	7	8	"1;2"	"id_224"	0	1	NA	0	0.97	3
3	1.21646237976365	1	3	7	11	"1;2"	"id_224"	0	1	NA	0	0.97	3
4	1.10768000321483	2	6	7	17	"1;2"	"id_224"	0	1	NA	0	0.97	3
5	0.568980692484574	2	19	7	36	"1;2"	"id_224"	0	1	NA	0	0.97	3
6	0.5	1	1	7	37	"1;2"	"id_224"	0	1	NA	0	0.97	3
7	0.731082337192885	1	3	7	40	"1;2"	"id_224"	0	1	NA	0	0.97	3
8	0.728556335696729	1	6	7	46	"1;2"	"id_224"	0	1	NA	0	0.97	3
9	0.5	1	4	7	50	"1;2"	"id_224"	0	1	NA	0	0.97	3
10	0.771938254146939	1	3	7	53	"1;2"	"id_224"	0	1	NA	0	0.97	3
11	0.5	1	5	7	58	"1;2"	"id_224"	0	1	NA	0	0.97	3
12	0.974125090451466	1	2	7	60	"1;2"	"id_224"	0	1	NA	0	0.97	3
13	0.865406490734629	1	4	7	64	"1;2"	"id_224"	0	1	NA	0	0.97	3
14	0.5	1	2	7	66	"1;2"	"id_224"	0	1	NA	0	0.97	3
15	0.5	1	-2	7	64	"1;2"	"id_224"	0	1	NA	0	0.97	3
16	0.831232279710679	1	5	7	69	"1;2"	"id_224"	0	1	NA	0	0.97	3
17	0.608854553474917	1	6	7	75	"1;2"	"id_224"	0	1	NA	0	0.97	3
18	0.923170062819585	1	6	7	81	"1;2"	"id_224"	0	1	NA	0	0.97	3
19	0.577507371864113	1	0	7	81	"1;2"	"id_224"	0	1	NA	0	0.97	3
20	0.875590779886613	1	4	7	85	"1;2"	"id_224"	0	1	NA	0	0.97	3
21	0.532961896135892	1	2	7	87	"1;2"	"id_224"	0	1	NA	0	0.97	3
22	0.826545802783427	1	4	7	91	"1;2"	"id_224"	0	1	NA	0	0.97	3
23	1.27035331312064	1	6	7	97	"1;2"	"id_224"	0	1	NA	0	0.97	3
24	0.579089091985253	1	-1	7	96	"1;2"	"id_224"	0	1	NA	0	0.97	3
25	0.859508769561978	2	16	7	112	"1;2"	"id_224"	0	1	NA	0	0.97	3
1	0.884108985412241	2	7	8	7	"2;1"	"id_224"	0	1	NA	0	0.97	3
2	0.906337413068069	2	4	8	11	"2;1"	"id_224"	0	1	NA	0	0.97	3
3	0.664920204696361	2	2	8	13	"2;1"	"id_224"	0	1	NA	0	0.97	3
4	0.603808867304166	2	6	8	19	"2;1"	"id_224"	0	1	NA	0	0.97	3
5	0.5	2	7	8	26	"2;1"	"id_224"	0	1	NA	0	0.97	3
6	0.5	2	2	8	28	"2;1"	"id_224"	0	1	NA	0	0.97	3
7	0.847102830283077	2	4	8	32	"2;1"	"id_224"	0	1	NA	0	0.97	3
8	0.712313582385852	2	7	8	39	"2;1"	"id_224"	0	1	NA	0	0.97	3
9	0.5	1	-10	8	29	"2;1"	"id_224"	0	1	NA	0	0.97	3
10	0.5	2	3	8	32	"2;1"	"id_224"	0	1	NA	0	0.97	3
11	0.792422193847731	2	5	8	37	"2;1"	"id_224"	0	1	NA	0	0.97	3
12	0.791431275358942	2	4	8	41	"2;1"	"id_224"	0	1	NA	0	0.97	3
13	0.752354046449013	2	3	8	44	"2;1"	"id_224"	0	1	NA	0	0.97	3
14	0.68027634282054	2	6	8	50	"2;1"	"id_224"	0	1	NA	0	0.97	3
15	0.780025917249699	2	-2	8	48	"2;1"	"id_224"	0	1	NA	0	0.97	3
16	1.11431827754827	2	4	8	52	"2;1"	"id_224"	0	1	NA	0	0.97	3
17	0.5	1	3	8	55	"2;1"	"id_224"	0	1	NA	0	0.97	3
18	0.69841047996116	2	4	8	59	"2;1"	"id_224"	0	1	NA	0	0.97	3
19	0.901997163564647	2	4	8	63	"2;1"	"id_224"	0	1	NA	0	0.97	3
20	0.837551186835947	2	10	8	73	"2;1"	"id_224"	0	1	NA	0	0.97	3
21	0.728239740345862	2	2	8	75	"2;1"	"id_224"	0	1	NA	0	0.97	3
22	0.5	2	3	8	78	"2;1"	"id_224"	0	1	NA	0	0.97	3
23	1.07169654588594	2	1	8	79	"2;1"	"id_224"	0	1	NA	0	0.97	3
24	0.754886193097564	1	-2	8	77	"2;1"	"id_224"	0	1	NA	0	0.97	3
25	0.801810719961334	2	0	8	77	"2;1"	"id_224"	0	1	NA	0	0.97	3
1	0.8837330991405	1	6	9	6	"2;1"	"id_224"	0	1	NA	0	0.97	3
2	0.621077539439767	1	19	9	25	"2;1"	"id_224"	0	1	NA	0	0.97	3
3	0.761374421952451	2	4	9	29	"2;1"	"id_224"	0	1	NA	0	0.97	3
4	0.714365277375499	2	5	9	34	"2;1"	"id_224"	0	1	NA	0	0.97	3
5	0.659516511693614	2	5	9	39	"2;1"	"id_224"	0	1	NA	0	0.97	3
6	0.711079737910291	2	6	9	45	"2;1"	"id_224"	0	1	NA	0	0.97	3
7	0.921456806391487	2	2	9	47	"2;1"	"id_224"	0	1	NA	0	0.97	3
8	0.873715113367971	2	4	9	51	"2;1"	"id_224"	0	1	NA	0	0.97	3
9	0.5	2	7	9	58	"2;1"	"id_224"	0	1	NA	0	0.97	3
10	0.627324782892586	2	4	9	62	"2;1"	"id_224"	0	1	NA	0	0.97	3
11	0.746326038497338	2	3	9	65	"2;1"	"id_224"	0	1	NA	0	0.97	3
12	0.5	2	3	9	68	"2;1"	"id_224"	0	1	NA	0	0.97	3
13	0.619958082099676	2	5	9	73	"2;1"	"id_224"	0	1	NA	0	0.97	3
14	0.819265323868795	2	7	9	80	"2;1"	"id_224"	0	1	NA	0	0.97	3
15	0.773624988003816	1	2	9	82	"2;1"	"id_224"	0	1	NA	0	0.97	3
16	0.97303926166459	2	1	9	83	"2;1"	"id_224"	0	1	NA	0	0.97	3
17	0.879569569402601	2	1	9	84	"2;1"	"id_224"	0	1	NA	0	0.97	3
18	0.72799657084179	2	3	9	87	"2;1"	"id_224"	0	1	NA	0	0.97	3
19	1.50307211689928	2	5	9	92	"2;1"	"id_224"	0	1	NA	0	0.97	3
20	1.03548699703015	2	4	9	96	"2;1"	"id_224"	0	1	NA	0	0.97	3
21	0.544434045251982	2	2	9	98	"2;1"	"id_224"	0	1	NA	0	0.97	3
22	0.92861746070744	2	2	9	100	"2;1"	"id_224"	0	1	NA	0	0.97	3
23	1.06135452192509	1	-10	9	90	"2;1"	"id_224"	0	1	NA	0	0.97	3
24	0.676780693003935	2	6	9	96	"2;1"	"id_224"	0	1	NA	0	0.97	3
25	0.648415324279161	2	6	9	102	"2;1"	"id_224"	0	1	NA	0	0.97	3
1	0.501712524965213	2	5	10	5	"1;2"	"id_224"	0	1	NA	0	0.97	3
2	0.568903982057273	1	6	10	11	"1;2"	"id_224"	0	1	NA	0	0.97	3
3	1.1413867529753	1	3	10	14	"1;2"	"id_224"	0	1	NA	0	0.97	3
4	0.636186923787269	2	-3	10	11	"1;2"	"id_224"	0	1	NA	0	0.97	3
5	0.968637106992437	1	5	10	16	"1;2"	"id_224"	0	1	NA	0	0.97	3
6	0.806577645977305	1	2	10	18	"1;2"	"id_224"	0	1	NA	0	0.97	3
7	0.653432476835578	1	8	10	26	"1;2"	"id_224"	0	1	NA	0	0.97	3
8	1.28007232236803	1	-1	10	25	"1;2"	"id_224"	0	1	NA	0	0.97	3
9	0.893938558254945	1	-1	10	24	"1;2"	"id_224"	0	1	NA	0	0.97	3
10	1.02214064432898	1	3	10	27	"1;2"	"id_224"	0	1	NA	0	0.97	3
11	0.745901124795259	1	1	10	28	"1;2"	"id_224"	0	1	NA	0	0.97	3
12	1.08188272029857	1	-2	10	26	"1;2"	"id_224"	0	1	NA	0	0.97	3
13	0.62186400140856	1	0	10	26	"1;2"	"id_224"	0	1	NA	0	0.97	3
14	0.677978394937597	1	0	10	26	"1;2"	"id_224"	0	1	NA	0	0.97	3
15	0.575582705781575	1	0	10	26	"1;2"	"id_224"	0	1	NA	0	0.97	3
16	0.740453681482555	1	9	10	35	"1;2"	"id_224"	0	1	NA	0	0.97	3
17	0.544881792327894	1	5	10	40	"1;2"	"id_224"	0	1	NA	0	0.97	3
18	0.522614580369143	1	3	10	43	"1;2"	"id_224"	0	1	NA	0	0.97	3
19	0.920409452717682	1	5	10	48	"1;2"	"id_224"	0	1	NA	0	0.97	3
20	0.5	1	4	10	52	"1;2"	"id_224"	0	1	NA	0	0.97	3
21	0.80205898469663	1	4	10	56	"1;2"	"id_224"	0	1	NA	0	0.97	3
22	0.572817618040417	1	3	10	59	"1;2"	"id_224"	0	1	NA	0	0.97	3
23	1.1292027418302	1	0	10	59	"1;2"	"id_224"	0	1	NA	0	0.97	3
24	1.00912300633925	2	9	10	68	"1;2"	"id_224"	0	1	NA	0	0.97	3
25	0.5	1	7	10	75	"1;2"	"id_224"	0	1	NA	0	0.97	3
1	0.80276890251379	1	4	11	4	"1;2"	"id_224"	0	1	NA	0	0.97	3
2	0.95508171416984	1	6	11	10	"1;2"	"id_224"	0	1	NA	0	0.97	3
3	1.5309608313021	1	4	11	14	"1;2"	"id_224"	0	1	NA	0	0.97	3
4	0.557397389268187	1	2	11	16	"1;2"	"id_224"	0	1	NA	0	0.97	3
5	0.825276343275121	1	7	11	23	"1;2"	"id_224"	0	1	NA	0	0.97	3
6	0.608947503780899	1	-2	11	21	"1;2"	"id_224"	0	1	NA	0	0.97	3
7	0.989031945720169	2	-12	11	9	"1;2"	"id_224"	0	1	NA	0	0.97	3
8	1.42962851208344	1	5	11	14	"1;2"	"id_224"	0	1	NA	0	0.97	3
9	0.866618816897995	1	5	11	19	"1;2"	"id_224"	0	1	NA	0	0.97	3
10	1.37342630214561	1	3	11	22	"1;2"	"id_224"	0	1	NA	0	0.97	3
11	0.808412238236691	1	-1	11	21	"1;2"	"id_224"	0	1	NA	0	0.97	3
12	0.82113093788788	1	2	11	23	"1;2"	"id_224"	0	1	NA	0	0.97	3
13	0.5	1	8	11	31	"1;2"	"id_224"	0	1	NA	0	0.97	3
14	0.765657761856229	1	2	11	33	"1;2"	"id_224"	0	1	NA	0	0.97	3
15	0.5	1	-1	11	32	"1;2"	"id_224"	0	1	NA	0	0.97	3
16	1.05501372035327	1	3	11	35	"1;2"	"id_224"	0	1	NA	0	0.97	3
17	0.5	1	3	11	38	"1;2"	"id_224"	0	1	NA	0	0.97	3
18	0.709738186417552	1	4	11	42	"1;2"	"id_224"	0	1	NA	0	0.97	3
19	0.936782541753196	1	6	11	48	"1;2"	"id_224"	0	1	NA	0	0.97	3
20	0.923532275418773	2	0	11	48	"1;2"	"id_224"	0	1	NA	0	0.97	3
21	0.624638917501583	1	4	11	52	"1;2"	"id_224"	0	1	NA	0	0.97	3
22	0.848061932088791	1	0	11	52	"1;2"	"id_224"	0	1	NA	0	0.97	3
23	0.5	1	2	11	54	"1;2"	"id_224"	0	1	NA	0	0.97	3
24	1.12969138587829	1	4	11	58	"1;2"	"id_224"	0	1	NA	0	0.97	3
25	1.03191736811999	1	3	11	61	"1;2"	"id_224"	0	1	NA	0	0.97	3
