"trial"	"time"	"selection"	"outcome"	"game"	"points.cum"	"option.order"	"workerid"	"goal"	"condition"	"n.goals.reached"	"checkFails"	"payout"	"which.high.ev"
1	0.913631661199624	1	3	1	3	"2;1"	"id_298"	0	1	NA	0	1.09	1
2	0.728613665685494	2	5	1	8	"2;1"	"id_298"	0	1	NA	0	1.09	1
3	0.515598072249292	2	3	1	11	"2;1"	"id_298"	0	1	NA	0	1.09	1
4	0.525923397676025	1	3	1	14	"2;1"	"id_298"	0	1	NA	0	1.09	1
5	0.889461535389807	2	3	1	17	"2;1"	"id_298"	0	1	NA	0	1.09	1
6	0.82966368215562	2	3	1	20	"2;1"	"id_298"	0	1	NA	0	1.09	1
7	1.03866932890799	2	2	1	22	"2;1"	"id_298"	0	1	NA	0	1.09	1
8	0.986854867463987	2	0	1	22	"2;1"	"id_298"	0	1	NA	0	1.09	1
9	1.12167341456453	1	2	1	24	"2;1"	"id_298"	0	1	NA	0	1.09	1
10	0.926280643730933	2	6	1	30	"2;1"	"id_298"	0	1	NA	0	1.09	1
11	0.671223020969689	2	4	1	34	"2;1"	"id_298"	0	1	NA	0	1.09	1
12	0.958225177355979	2	3	1	37	"2;1"	"id_298"	0	1	NA	0	1.09	1
13	0.878301902404461	2	3	1	40	"2;1"	"id_298"	0	1	NA	0	1.09	1
14	0.880506846398034	1	3	1	43	"2;1"	"id_298"	0	1	NA	0	1.09	1
15	0.608336940184621	2	2	1	45	"2;1"	"id_298"	0	1	NA	0	1.09	1
16	0.96093999507688	1	3	1	48	"2;1"	"id_298"	0	1	NA	0	1.09	1
17	0.974614137650118	2	3	1	51	"2;1"	"id_298"	0	1	NA	0	1.09	1
18	0.5	2	1	1	52	"2;1"	"id_298"	0	1	NA	0	1.09	1
19	0.730280265859608	2	2	1	54	"2;1"	"id_298"	0	1	NA	0	1.09	1
20	0.623601766615524	1	5	1	59	"2;1"	"id_298"	0	1	NA	0	1.09	1
1	0.853718517482022	1	-12	2	-12	"2;1"	"id_298"	0	1	NA	0	1.09	1
2	0.673105277510452	2	5	2	-7	"2;1"	"id_298"	0	1	NA	0	1.09	1
3	0.968787589826775	2	2	2	-5	"2;1"	"id_298"	0	1	NA	0	1.09	1
4	0.844362568214312	2	-2	2	-7	"2;1"	"id_298"	0	1	NA	0	1.09	1
5	0.5	2	8	2	1	"2;1"	"id_298"	0	1	NA	0	1.09	1
6	0.5	2	5	2	6	"2;1"	"id_298"	0	1	NA	0	1.09	1
7	1.27065046535525	2	4	2	10	"2;1"	"id_298"	0	1	NA	0	1.09	1
8	1.03773832052706	1	1	2	11	"2;1"	"id_298"	0	1	NA	0	1.09	1
9	0.753415962538802	2	4	2	15	"2;1"	"id_298"	0	1	NA	0	1.09	1
10	0.58093907128202	2	3	2	18	"2;1"	"id_298"	0	1	NA	0	1.09	1
11	0.881044891228206	2	2	2	20	"2;1"	"id_298"	0	1	NA	0	1.09	1
12	0.996990492041887	2	7	2	27	"2;1"	"id_298"	0	1	NA	0	1.09	1
13	0.663313328487978	2	3	2	30	"2;1"	"id_298"	0	1	NA	0	1.09	1
14	1.2948161040477	2	5	2	35	"2;1"	"id_298"	0	1	NA	0	1.09	1
15	1.02084986820305	2	3	2	38	"2;1"	"id_298"	0	1	NA	0	1.09	1
16	0.537789324863578	2	7	2	45	"2;1"	"id_298"	0	1	NA	0	1.09	1
17	0.855306313918587	1	-21	2	24	"2;1"	"id_298"	0	1	NA	0	1.09	1
18	0.836932209041949	2	2	2	26	"2;1"	"id_298"	0	1	NA	0	1.09	1
19	0.642442997553767	1	1	2	27	"2;1"	"id_298"	0	1	NA	0	1.09	1
20	0.708732496384339	1	-10	2	17	"2;1"	"id_298"	0	1	NA	0	1.09	1
21	0.870114356108376	2	3	2	20	"2;1"	"id_298"	0	1	NA	0	1.09	1
22	0.65520242561554	2	4	2	24	"2;1"	"id_298"	0	1	NA	0	1.09	1
23	0.813523940683538	2	4	2	28	"2;1"	"id_298"	0	1	NA	0	1.09	1
24	1.06385199175916	1	9	2	37	"2;1"	"id_298"	0	1	NA	0	1.09	1
25	0.601493413720012	1	12	2	49	"2;1"	"id_298"	0	1	NA	0	1.09	1
1	1.14572832158764	2	22	3	22	"1;2"	"id_298"	0	1	NA	0	1.09	1
2	1.03804514694903	2	9	3	31	"1;2"	"id_298"	0	1	NA	0	1.09	1
3	0.661639614787433	1	6	3	37	"1;2"	"id_298"	0	1	NA	0	1.09	1
4	1.24984992723982	2	-14	3	23	"1;2"	"id_298"	0	1	NA	0	1.09	1
5	0.51771629113404	1	3	3	26	"1;2"	"id_298"	0	1	NA	0	1.09	1
6	0.763108524986064	1	2	3	28	"1;2"	"id_298"	0	1	NA	0	1.09	1
7	0.71469826927644	1	5	3	33	"1;2"	"id_298"	0	1	NA	0	1.09	1
8	0.816488983934498	1	1	3	34	"1;2"	"id_298"	0	1	NA	0	1.09	1
9	1.01955988807519	1	3	3	37	"1;2"	"id_298"	0	1	NA	0	1.09	1
10	0.544572265191605	1	2	3	39	"1;2"	"id_298"	0	1	NA	0	1.09	1
11	0.511470442934117	1	1	3	40	"1;2"	"id_298"	0	1	NA	0	1.09	1
12	1.07989043370572	2	16	3	56	"1;2"	"id_298"	0	1	NA	0	1.09	1
13	0.691446324624556	2	6	3	62	"1;2"	"id_298"	0	1	NA	0	1.09	1
14	1.2009241507772	1	6	3	68	"1;2"	"id_298"	0	1	NA	0	1.09	1
15	0.698664593986863	2	-1	3	67	"1;2"	"id_298"	0	1	NA	0	1.09	1
16	0.687442081483871	2	-10	3	57	"1;2"	"id_298"	0	1	NA	0	1.09	1
17	0.5	2	2	3	59	"1;2"	"id_298"	0	1	NA	0	1.09	1
18	0.872857726131829	1	7	3	66	"1;2"	"id_298"	0	1	NA	0	1.09	1
19	0.845026170159628	1	1	3	67	"1;2"	"id_298"	0	1	NA	0	1.09	1
20	0.609862303533265	1	3	3	70	"1;2"	"id_298"	0	1	NA	0	1.09	1
21	0.520385105145736	1	5	3	75	"1;2"	"id_298"	0	1	NA	0	1.09	1
22	0.706509430948643	1	5	3	80	"1;2"	"id_298"	0	1	NA	0	1.09	1
23	0.78239587273825	2	23	3	103	"1;2"	"id_298"	0	1	NA	0	1.09	1
24	0.717435996544728	2	1	3	104	"1;2"	"id_298"	0	1	NA	0	1.09	1
25	0.710538649310281	2	19	3	123	"1;2"	"id_298"	0	1	NA	0	1.09	1
1	0.5	2	3	4	3	"2;1"	"id_298"	0	1	NA	0	1.09	1
2	0.624317650620554	1	9	4	12	"2;1"	"id_298"	0	1	NA	0	1.09	1
3	0.645149580515395	2	0	4	12	"2;1"	"id_298"	0	1	NA	0	1.09	1
4	0.5	1	21	4	33	"2;1"	"id_298"	0	1	NA	0	1.09	1
5	1.1329866617212	1	-7	4	26	"2;1"	"id_298"	0	1	NA	0	1.09	1
6	1.07857271808142	1	-1	4	25	"2;1"	"id_298"	0	1	NA	0	1.09	1
7	0.799720310555039	2	-1	4	24	"2;1"	"id_298"	0	1	NA	0	1.09	1
8	1.1367440464487	1	-1	4	23	"2;1"	"id_298"	0	1	NA	0	1.09	1
9	0.632020650697511	1	9	4	32	"2;1"	"id_298"	0	1	NA	0	1.09	1
10	0.815536306384124	1	5	4	37	"2;1"	"id_298"	0	1	NA	0	1.09	1
11	1.04188647171075	2	6	4	43	"2;1"	"id_298"	0	1	NA	0	1.09	1
12	0.727436432886324	1	1	4	44	"2;1"	"id_298"	0	1	NA	0	1.09	1
13	0.788170433079363	2	2	4	46	"2;1"	"id_298"	0	1	NA	0	1.09	1
14	0.775169604880014	1	0	4	46	"2;1"	"id_298"	0	1	NA	0	1.09	1
15	1.05673925060647	2	4	4	50	"2;1"	"id_298"	0	1	NA	0	1.09	1
16	0.5	2	4	4	54	"2;1"	"id_298"	0	1	NA	0	1.09	1
17	0.749934714317366	1	3	4	57	"2;1"	"id_298"	0	1	NA	0	1.09	1
18	0.726357415568691	1	10	4	67	"2;1"	"id_298"	0	1	NA	0	1.09	1
19	1.33950944727376	2	3	4	70	"2;1"	"id_298"	0	1	NA	0	1.09	1
20	0.56769979936652	2	3	4	73	"2;1"	"id_298"	0	1	NA	0	1.09	1
21	0.80504553671312	1	6	4	79	"2;1"	"id_298"	0	1	NA	0	1.09	1
22	0.588341115701588	1	7	4	86	"2;1"	"id_298"	0	1	NA	0	1.09	1
23	1.029883544093	1	7	4	93	"2;1"	"id_298"	0	1	NA	0	1.09	1
24	0.5	1	1	4	94	"2;1"	"id_298"	0	1	NA	0	1.09	1
25	0.743594718739231	2	7	4	101	"2;1"	"id_298"	0	1	NA	0	1.09	1
1	1.00895426022531	2	10	5	10	"1;2"	"id_298"	0	1	NA	0	1.09	1
2	0.881351038396723	2	8	5	18	"1;2"	"id_298"	0	1	NA	0	1.09	1
3	0.7040137846099	2	10	5	28	"1;2"	"id_298"	0	1	NA	0	1.09	1
4	0.818011611484107	2	-26	5	2	"1;2"	"id_298"	0	1	NA	0	1.09	1
5	0.5	1	7	5	9	"1;2"	"id_298"	0	1	NA	0	1.09	1
6	0.724888148050744	1	2	5	11	"1;2"	"id_298"	0	1	NA	0	1.09	1
7	0.606885283046676	1	9	5	20	"1;2"	"id_298"	0	1	NA	0	1.09	1
8	1.05528752022087	2	5	5	25	"1;2"	"id_298"	0	1	NA	0	1.09	1
9	0.5	1	3	5	28	"1;2"	"id_298"	0	1	NA	0	1.09	1
10	1.50459940375709	1	1	5	29	"1;2"	"id_298"	0	1	NA	0	1.09	1
11	0.770763887213152	1	6	5	35	"1;2"	"id_298"	0	1	NA	0	1.09	1
12	0.764168536286746	2	-1	5	34	"1;2"	"id_298"	0	1	NA	0	1.09	1
13	0.93394211262448	1	4	5	38	"1;2"	"id_298"	0	1	NA	0	1.09	1
14	0.588093739976346	1	0	5	38	"1;2"	"id_298"	0	1	NA	0	1.09	1
15	0.740589908840142	1	2	5	40	"1;2"	"id_298"	0	1	NA	0	1.09	1
16	0.804322140281331	2	11	5	51	"1;2"	"id_298"	0	1	NA	0	1.09	1
17	0.880988631522119	2	25	5	76	"1;2"	"id_298"	0	1	NA	0	1.09	1
18	0.712127324887974	2	6	5	82	"1;2"	"id_298"	0	1	NA	0	1.09	1
19	1.0362304621988	1	6	5	88	"1;2"	"id_298"	0	1	NA	0	1.09	1
20	1.0483650855232	2	-12	5	76	"1;2"	"id_298"	0	1	NA	0	1.09	1
21	0.780897813693644	2	2	5	78	"1;2"	"id_298"	0	1	NA	0	1.09	1
22	1.04485431038194	2	-2	5	76	"1;2"	"id_298"	0	1	NA	0	1.09	1
23	0.625126260661802	1	2	5	78	"1;2"	"id_298"	0	1	NA	0	1.09	1
24	0.963230301282928	1	6	5	84	"1;2"	"id_298"	0	1	NA	0	1.09	1
25	0.776459590507315	1	0	5	84	"1;2"	"id_298"	0	1	NA	0	1.09	1
1	0.724158200995823	2	5	6	5	"1;2"	"id_298"	0	1	NA	0	1.09	1
2	1.19887689958959	1	2	6	7	"1;2"	"id_298"	0	1	NA	0	1.09	1
3	0.968131310518433	2	5	6	12	"1;2"	"id_298"	0	1	NA	0	1.09	1
4	0.803575796583864	2	12	6	24	"1;2"	"id_298"	0	1	NA	0	1.09	1
5	0.872524620243686	1	1	6	25	"1;2"	"id_298"	0	1	NA	0	1.09	1
6	1.13329738052583	2	14	6	39	"1;2"	"id_298"	0	1	NA	0	1.09	1
7	0.5	2	21	6	60	"1;2"	"id_298"	0	1	NA	0	1.09	1
8	0.929047041531905	2	8	6	68	"1;2"	"id_298"	0	1	NA	0	1.09	1
9	1.09745307009549	2	1	6	69	"1;2"	"id_298"	0	1	NA	0	1.09	1
10	0.881004407964055	2	-16	6	53	"1;2"	"id_298"	0	1	NA	0	1.09	1
11	0.796840040856373	2	10	6	63	"1;2"	"id_298"	0	1	NA	0	1.09	1
12	0.777648298631593	2	-3	6	60	"1;2"	"id_298"	0	1	NA	0	1.09	1
13	0.827437186684244	2	2	6	62	"1;2"	"id_298"	0	1	NA	0	1.09	1
14	0.5	1	7	6	69	"1;2"	"id_298"	0	1	NA	0	1.09	1
15	0.865975738387574	1	3	6	72	"1;2"	"id_298"	0	1	NA	0	1.09	1
16	0.736336113367055	1	4	6	76	"1;2"	"id_298"	0	1	NA	0	1.09	1
17	0.859417327387217	1	5	6	81	"1;2"	"id_298"	0	1	NA	0	1.09	1
18	0.780505240097219	2	-6	6	75	"1;2"	"id_298"	0	1	NA	0	1.09	1
19	0.600723919575083	1	5	6	80	"1;2"	"id_298"	0	1	NA	0	1.09	1
20	0.949377410354471	2	10	6	90	"1;2"	"id_298"	0	1	NA	0	1.09	1
21	0.516603793739981	1	6	6	96	"1;2"	"id_298"	0	1	NA	0	1.09	1
22	0.5	1	1	6	97	"1;2"	"id_298"	0	1	NA	0	1.09	1
23	0.821334534528369	1	5	6	102	"1;2"	"id_298"	0	1	NA	0	1.09	1
24	0.86621825696648	1	8	6	110	"1;2"	"id_298"	0	1	NA	0	1.09	1
25	0.50168234100885	1	2	6	112	"1;2"	"id_298"	0	1	NA	0	1.09	1
1	0.979662826945276	2	15	7	15	"1;2"	"id_298"	0	1	NA	0	1.09	1
2	0.731421842799848	2	14	7	29	"1;2"	"id_298"	0	1	NA	0	1.09	1
3	1.03881211656468	2	12	7	41	"1;2"	"id_298"	0	1	NA	0	1.09	1
4	0.5	2	-9	7	32	"1;2"	"id_298"	0	1	NA	0	1.09	1
5	0.557411459019687	1	7	7	39	"1;2"	"id_298"	0	1	NA	0	1.09	1
6	0.960030364890015	2	20	7	59	"1;2"	"id_298"	0	1	NA	0	1.09	1
7	1.27797399665213	2	-10	7	49	"1;2"	"id_298"	0	1	NA	0	1.09	1
8	0.847157235552142	2	8	7	57	"1;2"	"id_298"	0	1	NA	0	1.09	1
9	0.5	1	2	7	59	"1;2"	"id_298"	0	1	NA	0	1.09	1
10	1.03777024684076	1	7	7	66	"1;2"	"id_298"	0	1	NA	0	1.09	1
11	1.04342949882377	2	5	7	71	"1;2"	"id_298"	0	1	NA	0	1.09	1
12	0.5	2	-1	7	70	"1;2"	"id_298"	0	1	NA	0	1.09	1
13	0.5	1	8	7	78	"1;2"	"id_298"	0	1	NA	0	1.09	1
14	1.05166074703673	1	4	7	82	"1;2"	"id_298"	0	1	NA	0	1.09	1
15	1.03202499018656	1	7	7	89	"1;2"	"id_298"	0	1	NA	0	1.09	1
16	0.855734087378207	2	-4	7	85	"1;2"	"id_298"	0	1	NA	0	1.09	1
17	1.01305920719131	1	5	7	90	"1;2"	"id_298"	0	1	NA	0	1.09	1
18	0.615808356660768	1	3	7	93	"1;2"	"id_298"	0	1	NA	0	1.09	1
19	0.763282693813688	1	-1	7	92	"1;2"	"id_298"	0	1	NA	0	1.09	1
20	0.5	1	5	7	97	"1;2"	"id_298"	0	1	NA	0	1.09	1
21	0.5	1	4	7	101	"1;2"	"id_298"	0	1	NA	0	1.09	1
22	0.552257765792831	2	-8	7	93	"1;2"	"id_298"	0	1	NA	0	1.09	1
23	1.06940366657388	1	3	7	96	"1;2"	"id_298"	0	1	NA	0	1.09	1
24	1.20619302301772	1	5	7	101	"1;2"	"id_298"	0	1	NA	0	1.09	1
25	0.516357809086895	1	1	7	102	"1;2"	"id_298"	0	1	NA	0	1.09	1
1	0.783444419541021	1	-3	8	-3	"2;1"	"id_298"	0	1	NA	0	1.09	1
2	0.794752588506689	2	-2	8	-5	"2;1"	"id_298"	0	1	NA	0	1.09	1
3	1.26324147894903	2	6	8	1	"2;1"	"id_298"	0	1	NA	0	1.09	1
4	1.11471218582541	2	5	8	6	"2;1"	"id_298"	0	1	NA	0	1.09	1
5	0.5	1	-4	8	2	"2;1"	"id_298"	0	1	NA	0	1.09	1
6	0.554138209358018	2	5	8	7	"2;1"	"id_298"	0	1	NA	0	1.09	1
7	1.02292974021886	1	4	8	11	"2;1"	"id_298"	0	1	NA	0	1.09	1
8	0.803441070074278	2	4	8	15	"2;1"	"id_298"	0	1	NA	0	1.09	1
9	0.717635750404814	1	10	8	25	"2;1"	"id_298"	0	1	NA	0	1.09	1
10	0.82906531910509	2	3	8	28	"2;1"	"id_298"	0	1	NA	0	1.09	1
11	0.807561303040087	1	2	8	30	"2;1"	"id_298"	0	1	NA	0	1.09	1
12	0.806454055549055	2	3	8	33	"2;1"	"id_298"	0	1	NA	0	1.09	1
13	0.974753998882436	1	5	8	38	"2;1"	"id_298"	0	1	NA	0	1.09	1
14	1.06715654893875	1	0	8	38	"2;1"	"id_298"	0	1	NA	0	1.09	1
15	0.5	2	9	8	47	"2;1"	"id_298"	0	1	NA	0	1.09	1
16	0.899538901188258	2	4	8	51	"2;1"	"id_298"	0	1	NA	0	1.09	1
17	0.761417399475774	1	11	8	62	"2;1"	"id_298"	0	1	NA	0	1.09	1
18	0.677674461239221	2	4	8	66	"2;1"	"id_298"	0	1	NA	0	1.09	1
19	0.923796816803006	1	-5	8	61	"2;1"	"id_298"	0	1	NA	0	1.09	1
20	1.15188150685297	1	21	8	82	"2;1"	"id_298"	0	1	NA	0	1.09	1
21	0.783776729062083	1	3	8	85	"2;1"	"id_298"	0	1	NA	0	1.09	1
22	1.10693461709872	1	12	8	97	"2;1"	"id_298"	0	1	NA	0	1.09	1
23	0.5	1	11	8	108	"2;1"	"id_298"	0	1	NA	0	1.09	1
24	0.993354603588356	2	2	8	110	"2;1"	"id_298"	0	1	NA	0	1.09	1
25	0.591781017872788	1	30	8	140	"2;1"	"id_298"	0	1	NA	0	1.09	1
1	0.988457183940081	2	7	9	7	"2;1"	"id_298"	0	1	NA	0	1.09	1
2	0.934568385896634	2	2	9	9	"2;1"	"id_298"	0	1	NA	0	1.09	1
3	1.03553779983453	2	5	9	14	"2;1"	"id_298"	0	1	NA	0	1.09	1
4	0.595557353957764	2	4	9	18	"2;1"	"id_298"	0	1	NA	0	1.09	1
5	0.836216389133966	2	9	9	27	"2;1"	"id_298"	0	1	NA	0	1.09	1
6	0.90379285344656	1	-14	9	13	"2;1"	"id_298"	0	1	NA	0	1.09	1
7	0.640352399709691	1	-3	9	10	"2;1"	"id_298"	0	1	NA	0	1.09	1
8	0.921807775435097	1	1	9	11	"2;1"	"id_298"	0	1	NA	0	1.09	1
9	0.859502420940443	2	0	9	11	"2;1"	"id_298"	0	1	NA	0	1.09	1
10	0.986821801430254	2	6	9	17	"2;1"	"id_298"	0	1	NA	0	1.09	1
11	0.5	1	-30	9	-13	"2;1"	"id_298"	0	1	NA	0	1.09	1
12	0.862505810138033	2	7	9	-6	"2;1"	"id_298"	0	1	NA	0	1.09	1
13	0.991792202498705	2	8	9	2	"2;1"	"id_298"	0	1	NA	0	1.09	1
14	0.677174951311211	2	2	9	4	"2;1"	"id_298"	0	1	NA	0	1.09	1
15	0.56485600201959	2	10	9	14	"2;1"	"id_298"	0	1	NA	0	1.09	1
16	0.851819768081592	2	4	9	18	"2;1"	"id_298"	0	1	NA	0	1.09	1
17	1.24227134728081	2	4	9	22	"2;1"	"id_298"	0	1	NA	0	1.09	1
18	0.5	2	2	9	24	"2;1"	"id_298"	0	1	NA	0	1.09	1
19	0.916363316230556	2	5	9	29	"2;1"	"id_298"	0	1	NA	0	1.09	1
20	1.36579676061856	2	1	9	30	"2;1"	"id_298"	0	1	NA	0	1.09	1
21	1.10419547610582	1	-5	9	25	"2;1"	"id_298"	0	1	NA	0	1.09	1
22	0.783488726204484	2	5	9	30	"2;1"	"id_298"	0	1	NA	0	1.09	1
23	0.60349088808995	2	5	9	35	"2;1"	"id_298"	0	1	NA	0	1.09	1
24	0.5	2	6	9	41	"2;1"	"id_298"	0	1	NA	0	1.09	1
25	0.5	2	6	9	47	"2;1"	"id_298"	0	1	NA	0	1.09	1
1	0.5	1	13	10	13	"2;1"	"id_298"	0	1	NA	0	1.09	1
2	0.538373209800599	1	8	10	21	"2;1"	"id_298"	0	1	NA	0	1.09	1
3	0.518392405144283	2	4	10	25	"2;1"	"id_298"	0	1	NA	0	1.09	1
4	0.5	1	2	10	27	"2;1"	"id_298"	0	1	NA	0	1.09	1
5	0.738752104326903	1	2	10	29	"2;1"	"id_298"	0	1	NA	0	1.09	1
6	0.884277354230652	1	9	10	38	"2;1"	"id_298"	0	1	NA	0	1.09	1
7	0.692680015509543	1	6	10	44	"2;1"	"id_298"	0	1	NA	0	1.09	1
8	0.5	1	-10	10	34	"2;1"	"id_298"	0	1	NA	0	1.09	1
9	0.63106033679263	1	-7	10	27	"2;1"	"id_298"	0	1	NA	0	1.09	1
10	0.757313545047394	2	7	10	34	"2;1"	"id_298"	0	1	NA	0	1.09	1
11	0.792947681213689	1	-9	10	25	"2;1"	"id_298"	0	1	NA	0	1.09	1
12	1.29391226564566	2	3	10	28	"2;1"	"id_298"	0	1	NA	0	1.09	1
13	0.812613868657986	2	7	10	35	"2;1"	"id_298"	0	1	NA	0	1.09	1
14	0.97942033573176	1	0	10	35	"2;1"	"id_298"	0	1	NA	0	1.09	1
15	1.09861711675042	2	2	10	37	"2;1"	"id_298"	0	1	NA	0	1.09	1
16	0.548344508324107	2	6	10	43	"2;1"	"id_298"	0	1	NA	0	1.09	1
17	1.08113200780952	2	6	10	49	"2;1"	"id_298"	0	1	NA	0	1.09	1
18	0.5	2	1	10	50	"2;1"	"id_298"	0	1	NA	0	1.09	1
19	0.751105485110816	2	5	10	55	"2;1"	"id_298"	0	1	NA	0	1.09	1
20	0.891396928889966	2	3	10	58	"2;1"	"id_298"	0	1	NA	0	1.09	1
21	0.854979614059094	2	4	10	62	"2;1"	"id_298"	0	1	NA	0	1.09	1
22	1.08935329754597	2	8	10	70	"2;1"	"id_298"	0	1	NA	0	1.09	1
23	0.665445867919507	1	-8	10	62	"2;1"	"id_298"	0	1	NA	0	1.09	1
24	0.812479315286062	1	2	10	64	"2;1"	"id_298"	0	1	NA	0	1.09	1
25	0.87741854490802	2	0	10	64	"2;1"	"id_298"	0	1	NA	0	1.09	1
1	0.872207696302612	1	14	11	14	"2;1"	"id_298"	0	1	NA	0	1.09	1
2	0.904041601490457	2	4	11	18	"2;1"	"id_298"	0	1	NA	0	1.09	1
3	0.886105277151785	1	5	11	23	"2;1"	"id_298"	0	1	NA	0	1.09	1
4	1.33814436238407	2	-1	11	22	"2;1"	"id_298"	0	1	NA	0	1.09	1
5	0.5	2	5	11	27	"2;1"	"id_298"	0	1	NA	0	1.09	1
6	0.770874425077621	1	10	11	37	"2;1"	"id_298"	0	1	NA	0	1.09	1
7	0.590893614607138	1	4	11	41	"2;1"	"id_298"	0	1	NA	0	1.09	1
8	0.698281902705661	1	9	11	50	"2;1"	"id_298"	0	1	NA	0	1.09	1
9	0.75563762773443	1	9	11	59	"2;1"	"id_298"	0	1	NA	0	1.09	1
10	0.51167733837372	1	15	11	74	"2;1"	"id_298"	0	1	NA	0	1.09	1
11	0.5	1	3	11	77	"2;1"	"id_298"	0	1	NA	0	1.09	1
12	0.717318133256337	1	42	11	119	"2;1"	"id_298"	0	1	NA	0	1.09	1
13	0.901830929811723	1	0	11	119	"2;1"	"id_298"	0	1	NA	0	1.09	1
14	0.872236677262176	1	-9	11	110	"2;1"	"id_298"	0	1	NA	0	1.09	1
15	0.722351265299932	2	6	11	116	"2;1"	"id_298"	0	1	NA	0	1.09	1
16	0.683678825724104	1	-4	11	112	"2;1"	"id_298"	0	1	NA	0	1.09	1
17	1.16347167940117	2	3	11	115	"2;1"	"id_298"	0	1	NA	0	1.09	1
18	0.888628378182918	2	4	11	119	"2;1"	"id_298"	0	1	NA	0	1.09	1
19	0.903243386384347	1	7	11	126	"2;1"	"id_298"	0	1	NA	0	1.09	1
20	1.1919528264619	1	6	11	132	"2;1"	"id_298"	0	1	NA	0	1.09	1
21	0.80731823071319	1	31	11	163	"2;1"	"id_298"	0	1	NA	0	1.09	1
22	0.68371058028565	1	25	11	188	"2;1"	"id_298"	0	1	NA	0	1.09	1
23	0.953670490296335	1	19	11	207	"2;1"	"id_298"	0	1	NA	0	1.09	1
24	0.571080828880484	1	11	11	218	"2;1"	"id_298"	0	1	NA	0	1.09	1
25	1.16888702585762	2	6	11	224	"2;1"	"id_298"	0	1	NA	0	1.09	1
