"trial"	"time"	"selection"	"outcome"	"game"	"points.cum"	"option.order"	"workerid"	"goal"	"condition"	"n.goals.reached"	"checkFails"	"payout"	"which.high.ev"
1	0.772157445008493	2	5	1	5	"2;1"	"id_327"	0	1	NA	0	0.84	3
2	1.11086747112591	2	6	1	11	"2;1"	"id_327"	0	1	NA	0	0.84	3
3	1.0336228615191	2	1	1	12	"2;1"	"id_327"	0	1	NA	0	0.84	3
4	0.818960100777493	1	4	1	16	"2;1"	"id_327"	0	1	NA	0	0.84	3
5	0.685907586868746	1	9	1	25	"2;1"	"id_327"	0	1	NA	0	0.84	3
6	0.908309785601522	2	3	1	28	"2;1"	"id_327"	0	1	NA	0	0.84	3
7	0.542557018585536	1	2	1	30	"2;1"	"id_327"	0	1	NA	0	0.84	3
8	1.21124881739479	1	6	1	36	"2;1"	"id_327"	0	1	NA	0	0.84	3
9	0.958863662948333	2	3	1	39	"2;1"	"id_327"	0	1	NA	0	0.84	3
10	0.543857911408678	2	2	1	41	"2;1"	"id_327"	0	1	NA	0	0.84	3
11	1.00160670125121	2	2	1	43	"2;1"	"id_327"	0	1	NA	0	0.84	3
12	1.00110475792762	2	5	1	48	"2;1"	"id_327"	0	1	NA	0	0.84	3
13	1.20951298009541	2	5	1	53	"2;1"	"id_327"	0	1	NA	0	0.84	3
14	0.831963620032011	2	6	1	59	"2;1"	"id_327"	0	1	NA	0	0.84	3
15	0.619248951575348	2	8	1	67	"2;1"	"id_327"	0	1	NA	0	0.84	3
16	1.0504241153185	2	3	1	70	"2;1"	"id_327"	0	1	NA	0	0.84	3
17	1.02404022357026	2	2	1	72	"2;1"	"id_327"	0	1	NA	0	0.84	3
18	0.886720712724513	1	3	1	75	"2;1"	"id_327"	0	1	NA	0	0.84	3
19	0.799673454874055	2	4	1	79	"2;1"	"id_327"	0	1	NA	0	0.84	3
20	0.5	2	1	1	80	"2;1"	"id_327"	0	1	NA	0	0.84	3
1	0.5	1	4	2	4	"1;2"	"id_327"	0	1	NA	0	0.84	3
2	1.10854623508763	1	5	2	9	"1;2"	"id_327"	0	1	NA	0	0.84	3
3	0.842248826545172	2	17	2	26	"1;2"	"id_327"	0	1	NA	0	0.84	3
4	1.02243405312045	1	5	2	31	"1;2"	"id_327"	0	1	NA	0	0.84	3
5	0.797934573032521	2	12	2	43	"1;2"	"id_327"	0	1	NA	0	0.84	3
6	0.5	2	4	2	47	"1;2"	"id_327"	0	1	NA	0	0.84	3
7	0.868840549918316	2	0	2	47	"1;2"	"id_327"	0	1	NA	0	0.84	3
8	0.893879610007675	2	-14	2	33	"1;2"	"id_327"	0	1	NA	0	0.84	3
9	0.698736928097461	1	4	2	37	"1;2"	"id_327"	0	1	NA	0	0.84	3
10	1.09255595735264	1	7	2	44	"1;2"	"id_327"	0	1	NA	0	0.84	3
11	0.721148478630494	1	0	2	44	"1;2"	"id_327"	0	1	NA	0	0.84	3
12	0.5	2	11	2	55	"1;2"	"id_327"	0	1	NA	0	0.84	3
13	0.930451989247201	2	-1	2	54	"1;2"	"id_327"	0	1	NA	0	0.84	3
14	1.10536879706019	1	8	2	62	"1;2"	"id_327"	0	1	NA	0	0.84	3
15	0.810227581204337	2	9	2	71	"1;2"	"id_327"	0	1	NA	0	0.84	3
16	0.894819185169975	2	2	2	73	"1;2"	"id_327"	0	1	NA	0	0.84	3
17	0.964729374374224	2	19	2	92	"1;2"	"id_327"	0	1	NA	0	0.84	3
18	0.856052227689607	2	-14	2	78	"1;2"	"id_327"	0	1	NA	0	0.84	3
19	0.645236454478545	1	3	2	81	"1;2"	"id_327"	0	1	NA	0	0.84	3
20	0.688380850647549	2	21	2	102	"1;2"	"id_327"	0	1	NA	0	0.84	3
21	0.679590540215973	1	-1	2	101	"1;2"	"id_327"	0	1	NA	0	0.84	3
22	1.07972031902647	1	3	2	104	"1;2"	"id_327"	0	1	NA	0	0.84	3
23	0.820788431270837	1	0	2	104	"1;2"	"id_327"	0	1	NA	0	0.84	3
24	0.585563872364426	2	14	2	118	"1;2"	"id_327"	0	1	NA	0	0.84	3
25	0.5	2	19	2	137	"1;2"	"id_327"	0	1	NA	0	0.84	3
1	0.753591503131527	2	6	3	6	"2;1"	"id_327"	0	1	NA	0	0.84	3
2	0.53410282520385	2	5	3	11	"2;1"	"id_327"	0	1	NA	0	0.84	3
3	0.885190247462737	2	3	3	14	"2;1"	"id_327"	0	1	NA	0	0.84	3
4	0.992943229802541	1	31	3	45	"2;1"	"id_327"	0	1	NA	0	0.84	3
5	0.66178016378323	1	12	3	57	"2;1"	"id_327"	0	1	NA	0	0.84	3
6	0.5	1	14	3	71	"2;1"	"id_327"	0	1	NA	0	0.84	3
7	0.631044487909317	1	7	3	78	"2;1"	"id_327"	0	1	NA	0	0.84	3
8	0.667781443596412	1	9	3	87	"2;1"	"id_327"	0	1	NA	0	0.84	3
9	0.833255086547287	2	2	3	89	"2;1"	"id_327"	0	1	NA	0	0.84	3
10	0.882285392839599	2	7	3	96	"2;1"	"id_327"	0	1	NA	0	0.84	3
11	0.718113955038536	1	1	3	97	"2;1"	"id_327"	0	1	NA	0	0.84	3
12	0.569691135650065	1	-6	3	91	"2;1"	"id_327"	0	1	NA	0	0.84	3
13	0.700188231169924	1	-23	3	68	"2;1"	"id_327"	0	1	NA	0	0.84	3
14	0.5	2	5	3	73	"2;1"	"id_327"	0	1	NA	0	0.84	3
15	1.07380944026142	2	0	3	73	"2;1"	"id_327"	0	1	NA	0	0.84	3
16	0.633741826913994	2	2	3	75	"2;1"	"id_327"	0	1	NA	0	0.84	3
17	0.70998818720312	1	-6	3	69	"2;1"	"id_327"	0	1	NA	0	0.84	3
18	0.5	2	9	3	78	"2;1"	"id_327"	0	1	NA	0	0.84	3
19	0.92237173911132	2	9	3	87	"2;1"	"id_327"	0	1	NA	0	0.84	3
20	1.0644709238085	1	-4	3	83	"2;1"	"id_327"	0	1	NA	0	0.84	3
21	1.08475703671317	2	2	3	85	"2;1"	"id_327"	0	1	NA	0	0.84	3
22	0.992760014757594	2	9	3	94	"2;1"	"id_327"	0	1	NA	0	0.84	3
23	0.727273264385029	2	2	3	96	"2;1"	"id_327"	0	1	NA	0	0.84	3
24	1.03683000669506	2	1	3	97	"2;1"	"id_327"	0	1	NA	0	0.84	3
25	0.914660304593334	1	16	3	113	"2;1"	"id_327"	0	1	NA	0	0.84	3
1	0.740828629228793	1	13	4	13	"2;1"	"id_327"	0	1	NA	0	0.84	3
2	0.636604598389094	2	4	4	17	"2;1"	"id_327"	0	1	NA	0	0.84	3
3	0.712284408166236	1	11	4	28	"2;1"	"id_327"	0	1	NA	0	0.84	3
4	0.841744488303444	1	-8	4	20	"2;1"	"id_327"	0	1	NA	0	0.84	3
5	0.747269113106484	2	3	4	23	"2;1"	"id_327"	0	1	NA	0	0.84	3
6	0.5	2	3	4	26	"2;1"	"id_327"	0	1	NA	0	0.84	3
7	0.529414051963775	2	5	4	31	"2;1"	"id_327"	0	1	NA	0	0.84	3
8	0.724309086578217	1	-9	4	22	"2;1"	"id_327"	0	1	NA	0	0.84	3
9	0.814679343495587	2	4	4	26	"2;1"	"id_327"	0	1	NA	0	0.84	3
10	0.86225839189291	1	-1	4	25	"2;1"	"id_327"	0	1	NA	0	0.84	3
11	1.11607191878441	2	2	4	27	"2;1"	"id_327"	0	1	NA	0	0.84	3
12	0.566483046427751	1	-13	4	14	"2;1"	"id_327"	0	1	NA	0	0.84	3
13	0.779987334332829	2	6	4	20	"2;1"	"id_327"	0	1	NA	0	0.84	3
14	0.725345948382967	2	3	4	23	"2;1"	"id_327"	0	1	NA	0	0.84	3
15	0.954627992242982	2	7	4	30	"2;1"	"id_327"	0	1	NA	0	0.84	3
16	0.704431628426677	1	20	4	50	"2;1"	"id_327"	0	1	NA	0	0.84	3
17	0.927275342105712	2	7	4	57	"2;1"	"id_327"	0	1	NA	0	0.84	3
18	0.523291411890359	2	4	4	61	"2;1"	"id_327"	0	1	NA	0	0.84	3
19	0.625979824330675	2	3	4	64	"2;1"	"id_327"	0	1	NA	0	0.84	3
20	1.15020886035127	2	1	4	65	"2;1"	"id_327"	0	1	NA	0	0.84	3
21	0.884067768192016	2	5	4	70	"2;1"	"id_327"	0	1	NA	0	0.84	3
22	0.5	2	7	4	77	"2;1"	"id_327"	0	1	NA	0	0.84	3
23	0.848477391791381	2	6	4	83	"2;1"	"id_327"	0	1	NA	0	0.84	3
24	0.826012901420481	1	6	4	89	"2;1"	"id_327"	0	1	NA	0	0.84	3
25	1.08929565365065	2	1	4	90	"2;1"	"id_327"	0	1	NA	0	0.84	3
1	0.81799438085928	1	4	5	4	"1;2"	"id_327"	0	1	NA	0	0.84	3
2	1.11421997659312	2	-3	5	1	"1;2"	"id_327"	0	1	NA	0	0.84	3
3	0.606293361189912	1	2	5	3	"1;2"	"id_327"	0	1	NA	0	0.84	3
4	0.630322480206196	1	9	5	12	"1;2"	"id_327"	0	1	NA	0	0.84	3
5	0.628377181571888	1	3	5	15	"1;2"	"id_327"	0	1	NA	0	0.84	3
6	0.955755287551447	1	3	5	18	"1;2"	"id_327"	0	1	NA	0	0.84	3
7	0.908827930363287	1	5	5	23	"1;2"	"id_327"	0	1	NA	0	0.84	3
8	0.862233923849929	1	4	5	27	"1;2"	"id_327"	0	1	NA	0	0.84	3
9	0.838494461839112	2	17	5	44	"1;2"	"id_327"	0	1	NA	0	0.84	3
10	0.622610359546438	2	4	5	48	"1;2"	"id_327"	0	1	NA	0	0.84	3
11	0.889611276930765	2	9	5	57	"1;2"	"id_327"	0	1	NA	0	0.84	3
12	1.04655780800323	2	16	5	73	"1;2"	"id_327"	0	1	NA	0	0.84	3
13	0.707993360553352	1	-2	5	71	"1;2"	"id_327"	0	1	NA	0	0.84	3
14	0.79153973804859	2	-1	5	70	"1;2"	"id_327"	0	1	NA	0	0.84	3
15	1.10853867662995	2	16	5	86	"1;2"	"id_327"	0	1	NA	0	0.84	3
16	0.582406131856321	2	-11	5	75	"1;2"	"id_327"	0	1	NA	0	0.84	3
17	0.720493421017691	1	5	5	80	"1;2"	"id_327"	0	1	NA	0	0.84	3
18	0.850403854854315	2	-9	5	71	"1;2"	"id_327"	0	1	NA	0	0.84	3
19	1.10168056557143	1	1	5	72	"1;2"	"id_327"	0	1	NA	0	0.84	3
20	0.929515735838336	2	14	5	86	"1;2"	"id_327"	0	1	NA	0	0.84	3
21	1.17860003079942	1	2	5	88	"1;2"	"id_327"	0	1	NA	0	0.84	3
22	0.6185319019341	1	0	5	88	"1;2"	"id_327"	0	1	NA	0	0.84	3
23	0.651300794331992	2	-11	5	77	"1;2"	"id_327"	0	1	NA	0	0.84	3
24	0.77715407239857	1	6	5	83	"1;2"	"id_327"	0	1	NA	0	0.84	3
25	0.691911888481526	1	6	5	89	"1;2"	"id_327"	0	1	NA	0	0.84	3
1	0.900969653381101	1	6	6	6	"1;2"	"id_327"	0	1	NA	0	0.84	3
2	1.12944499317681	2	3	6	9	"1;2"	"id_327"	0	1	NA	0	0.84	3
3	0.865819974599369	1	2	6	11	"1;2"	"id_327"	0	1	NA	0	0.84	3
4	1.08950029039823	1	3	6	14	"1;2"	"id_327"	0	1	NA	0	0.84	3
5	0.93326036711862	1	6	6	20	"1;2"	"id_327"	0	1	NA	0	0.84	3
6	1.07554463434844	1	1	6	21	"1;2"	"id_327"	0	1	NA	0	0.84	3
7	0.610804163042032	2	10	6	31	"1;2"	"id_327"	0	1	NA	0	0.84	3
8	1.04522036513723	2	13	6	44	"1;2"	"id_327"	0	1	NA	0	0.84	3
9	1.0856945625708	2	-9	6	35	"1;2"	"id_327"	0	1	NA	0	0.84	3
10	0.624257312683342	1	4	6	39	"1;2"	"id_327"	0	1	NA	0	0.84	3
11	0.777841544895211	2	23	6	62	"1;2"	"id_327"	0	1	NA	0	0.84	3
12	0.567396101521195	2	-5	6	57	"1;2"	"id_327"	0	1	NA	0	0.84	3
13	0.864872598584734	1	1	6	58	"1;2"	"id_327"	0	1	NA	0	0.84	3
14	1.1077447015894	2	2	6	60	"1;2"	"id_327"	0	1	NA	0	0.84	3
15	0.5	2	-13	6	47	"1;2"	"id_327"	0	1	NA	0	0.84	3
16	1.10449209554921	1	6	6	53	"1;2"	"id_327"	0	1	NA	0	0.84	3
17	1.04059013379226	1	3	6	56	"1;2"	"id_327"	0	1	NA	0	0.84	3
18	0.670604407313359	2	16	6	72	"1;2"	"id_327"	0	1	NA	0	0.84	3
19	0.957953509015167	2	4	6	76	"1;2"	"id_327"	0	1	NA	0	0.84	3
20	0.776709901638135	1	7	6	83	"1;2"	"id_327"	0	1	NA	0	0.84	3
21	0.860329785519531	1	3	6	86	"1;2"	"id_327"	0	1	NA	0	0.84	3
22	0.5	1	10	6	96	"1;2"	"id_327"	0	1	NA	0	0.84	3
23	0.5	1	0	6	96	"1;2"	"id_327"	0	1	NA	0	0.84	3
24	0.723325896416105	1	6	6	102	"1;2"	"id_327"	0	1	NA	0	0.84	3
25	1.12481015810385	2	4	6	106	"1;2"	"id_327"	0	1	NA	0	0.84	3
1	0.610562439764318	1	19	7	19	"2;1"	"id_327"	0	1	NA	0	0.84	3
2	0.860943763180247	1	12	7	31	"2;1"	"id_327"	0	1	NA	0	0.84	3
3	0.73876289201679	1	-5	7	26	"2;1"	"id_327"	0	1	NA	0	0.84	3
4	0.910711751842849	1	-16	7	10	"2;1"	"id_327"	0	1	NA	0	0.84	3
5	0.98467683806177	2	3	7	13	"2;1"	"id_327"	0	1	NA	0	0.84	3
6	1.12067398831793	2	3	7	16	"2;1"	"id_327"	0	1	NA	0	0.84	3
7	0.906658619445711	2	2	7	18	"2;1"	"id_327"	0	1	NA	0	0.84	3
8	0.787477810650161	2	5	7	23	"2;1"	"id_327"	0	1	NA	0	0.84	3
9	1.25957213482696	1	14	7	37	"2;1"	"id_327"	0	1	NA	0	0.84	3
10	0.693710459402685	1	13	7	50	"2;1"	"id_327"	0	1	NA	0	0.84	3
11	0.838266805952978	1	5	7	55	"2;1"	"id_327"	0	1	NA	0	0.84	3
12	0.731725769169855	1	-4	7	51	"2;1"	"id_327"	0	1	NA	0	0.84	3
13	0.611354189609834	1	0	7	51	"2;1"	"id_327"	0	1	NA	0	0.84	3
14	0.711068507874425	2	2	7	53	"2;1"	"id_327"	0	1	NA	0	0.84	3
15	1.17585125662569	2	7	7	60	"2;1"	"id_327"	0	1	NA	0	0.84	3
16	0.850654329761448	2	0	7	60	"2;1"	"id_327"	0	1	NA	0	0.84	3
17	0.550864732261248	1	-7	7	53	"2;1"	"id_327"	0	1	NA	0	0.84	3
18	0.752304203765351	1	-6	7	47	"2;1"	"id_327"	0	1	NA	0	0.84	3
19	1.01873655711855	1	14	7	61	"2;1"	"id_327"	0	1	NA	0	0.84	3
20	0.767538904796932	2	-1	7	60	"2;1"	"id_327"	0	1	NA	0	0.84	3
21	1.09474370666408	1	-16	7	44	"2;1"	"id_327"	0	1	NA	0	0.84	3
22	0.5	1	17	7	61	"2;1"	"id_327"	0	1	NA	0	0.84	3
23	0.907817331172312	1	5	7	66	"2;1"	"id_327"	0	1	NA	0	0.84	3
24	0.5	1	0	7	66	"2;1"	"id_327"	0	1	NA	0	0.84	3
25	0.595809138509882	1	5	7	71	"2;1"	"id_327"	0	1	NA	0	0.84	3
1	0.7410062888568	1	5	8	5	"1;2"	"id_327"	0	1	NA	0	0.84	3
2	0.882841992519352	1	1	8	6	"1;2"	"id_327"	0	1	NA	0	0.84	3
3	0.814566128862545	2	14	8	20	"1;2"	"id_327"	0	1	NA	0	0.84	3
4	1.02148368424914	2	4	8	24	"1;2"	"id_327"	0	1	NA	0	0.84	3
5	0.619647286707425	2	-9	8	15	"1;2"	"id_327"	0	1	NA	0	0.84	3
6	0.550008597466362	1	5	8	20	"1;2"	"id_327"	0	1	NA	0	0.84	3
7	0.882434306856443	1	-1	8	19	"1;2"	"id_327"	0	1	NA	0	0.84	3
8	0.901687691578983	1	1	8	20	"1;2"	"id_327"	0	1	NA	0	0.84	3
9	0.624390359808903	1	3	8	23	"1;2"	"id_327"	0	1	NA	0	0.84	3
10	0.753511204403682	2	18	8	41	"1;2"	"id_327"	0	1	NA	0	0.84	3
11	1.07480811799519	2	8	8	49	"1;2"	"id_327"	0	1	NA	0	0.84	3
12	0.99178121359483	1	8	8	57	"1;2"	"id_327"	0	1	NA	0	0.84	3
13	0.788399539045771	2	7	8	64	"1;2"	"id_327"	0	1	NA	0	0.84	3
14	1.01477894572222	2	5	8	69	"1;2"	"id_327"	0	1	NA	0	0.84	3
15	1.07950654415278	2	8	8	77	"1;2"	"id_327"	0	1	NA	0	0.84	3
16	0.720889158020107	1	4	8	81	"1;2"	"id_327"	0	1	NA	0	0.84	3
17	0.895165044374816	2	1	8	82	"1;2"	"id_327"	0	1	NA	0	0.84	3
18	0.802277184663627	1	9	8	91	"1;2"	"id_327"	0	1	NA	0	0.84	3
19	1.02924881634112	1	9	8	100	"1;2"	"id_327"	0	1	NA	0	0.84	3
20	0.542550088099756	1	6	8	106	"1;2"	"id_327"	0	1	NA	0	0.84	3
21	0.863090409273103	1	1	8	107	"1;2"	"id_327"	0	1	NA	0	0.84	3
22	0.769268895305139	2	24	8	131	"1;2"	"id_327"	0	1	NA	0	0.84	3
23	1.07873218666306	2	8	8	139	"1;2"	"id_327"	0	1	NA	0	0.84	3
24	0.738892818242246	1	5	8	144	"1;2"	"id_327"	0	1	NA	0	0.84	3
25	0.546228703365039	2	-19	8	125	"1;2"	"id_327"	0	1	NA	0	0.84	3
1	0.697532207578183	2	5	9	5	"2;1"	"id_327"	0	1	NA	0	0.84	3
2	0.764300902372512	2	3	9	8	"2;1"	"id_327"	0	1	NA	0	0.84	3
3	1.03112545215595	2	1	9	9	"2;1"	"id_327"	0	1	NA	0	0.84	3
4	0.582998569361518	1	-4	9	5	"2;1"	"id_327"	0	1	NA	0	0.84	3
5	0.648367889659686	2	3	9	8	"2;1"	"id_327"	0	1	NA	0	0.84	3
6	1.00967508848521	2	3	9	11	"2;1"	"id_327"	0	1	NA	0	0.84	3
7	0.657028892412644	2	2	9	13	"2;1"	"id_327"	0	1	NA	0	0.84	3
8	0.858043082674265	1	11	9	24	"2;1"	"id_327"	0	1	NA	0	0.84	3
9	0.93600313721422	1	15	9	39	"2;1"	"id_327"	0	1	NA	0	0.84	3
10	0.921690460614089	2	8	9	47	"2;1"	"id_327"	0	1	NA	0	0.84	3
11	0.970065396570041	1	-13	9	34	"2;1"	"id_327"	0	1	NA	0	0.84	3
12	0.5	2	4	9	38	"2;1"	"id_327"	0	1	NA	0	0.84	3
13	0.689045446248009	2	7	9	45	"2;1"	"id_327"	0	1	NA	0	0.84	3
14	0.533540835475731	2	5	9	50	"2;1"	"id_327"	0	1	NA	0	0.84	3
15	0.791768389299598	2	0	9	50	"2;1"	"id_327"	0	1	NA	0	0.84	3
16	0.707064330137618	2	1	9	51	"2;1"	"id_327"	0	1	NA	0	0.84	3
17	0.812124147414996	1	6	9	57	"2;1"	"id_327"	0	1	NA	0	0.84	3
18	0.755295757435881	1	-12	9	45	"2;1"	"id_327"	0	1	NA	0	0.84	3
19	0.558501977242106	2	7	9	52	"2;1"	"id_327"	0	1	NA	0	0.84	3
20	0.5	1	-4	9	48	"2;1"	"id_327"	0	1	NA	0	0.84	3
21	0.731515261607858	1	-17	9	31	"2;1"	"id_327"	0	1	NA	0	0.84	3
22	0.5	2	3	9	34	"2;1"	"id_327"	0	1	NA	0	0.84	3
23	1.0518922547227	2	-2	9	32	"2;1"	"id_327"	0	1	NA	0	0.84	3
24	1.08297319755758	1	-8	9	24	"2;1"	"id_327"	0	1	NA	0	0.84	3
25	0.856652050218544	2	2	9	26	"2;1"	"id_327"	0	1	NA	0	0.84	3
1	0.550640814574757	2	4	10	4	"2;1"	"id_327"	0	1	NA	0	0.84	3
2	1.04049404074481	2	7	10	11	"2;1"	"id_327"	0	1	NA	0	0.84	3
3	0.938032196034334	1	7	10	18	"2;1"	"id_327"	0	1	NA	0	0.84	3
4	0.68591531105338	2	4	10	22	"2;1"	"id_327"	0	1	NA	0	0.84	3
5	0.676541186105716	1	-3	10	19	"2;1"	"id_327"	0	1	NA	0	0.84	3
6	0.904777282999571	2	6	10	25	"2;1"	"id_327"	0	1	NA	0	0.84	3
7	0.5	2	5	10	30	"2;1"	"id_327"	0	1	NA	0	0.84	3
8	0.5	1	-3	10	27	"2;1"	"id_327"	0	1	NA	0	0.84	3
9	0.987726627542897	2	3	10	30	"2;1"	"id_327"	0	1	NA	0	0.84	3
10	0.850781383188715	2	2	10	32	"2;1"	"id_327"	0	1	NA	0	0.84	3
11	1.13254649833684	2	0	10	32	"2;1"	"id_327"	0	1	NA	0	0.84	3
12	0.669049453265917	2	4	10	36	"2;1"	"id_327"	0	1	NA	0	0.84	3
13	0.994174355634914	2	5	10	41	"2;1"	"id_327"	0	1	NA	0	0.84	3
14	0.62566057127317	2	7	10	48	"2;1"	"id_327"	0	1	NA	0	0.84	3
15	0.834801462820078	1	3	10	51	"2;1"	"id_327"	0	1	NA	0	0.84	3
16	0.783166846804229	2	3	10	54	"2;1"	"id_327"	0	1	NA	0	0.84	3
17	0.707838538884194	2	4	10	58	"2;1"	"id_327"	0	1	NA	0	0.84	3
18	0.924746771704056	2	2	10	60	"2;1"	"id_327"	0	1	NA	0	0.84	3
19	1.12106304007731	1	1	10	61	"2;1"	"id_327"	0	1	NA	0	0.84	3
20	0.938677429838877	2	5	10	66	"2;1"	"id_327"	0	1	NA	0	0.84	3
21	0.5	2	0	10	66	"2;1"	"id_327"	0	1	NA	0	0.84	3
22	0.839520285475789	2	3	10	69	"2;1"	"id_327"	0	1	NA	0	0.84	3
23	0.51332798035498	2	1	10	70	"2;1"	"id_327"	0	1	NA	0	0.84	3
24	1.22533572944728	1	-32	10	38	"2;1"	"id_327"	0	1	NA	0	0.84	3
25	0.645685672951733	1	18	10	56	"2;1"	"id_327"	0	1	NA	0	0.84	3
1	0.961460367176891	1	-15	11	-15	"2;1"	"id_327"	0	1	NA	0	0.84	3
2	0.923606179489244	2	0	11	-15	"2;1"	"id_327"	0	1	NA	0	0.84	3
3	0.623801877065348	2	6	11	-9	"2;1"	"id_327"	0	1	NA	0	0.84	3
4	0.5	2	3	11	-6	"2;1"	"id_327"	0	1	NA	0	0.84	3
5	0.854356044757516	2	8	11	2	"2;1"	"id_327"	0	1	NA	0	0.84	3
6	0.771163733185374	2	10	11	12	"2;1"	"id_327"	0	1	NA	0	0.84	3
7	0.572307235610262	2	3	11	15	"2;1"	"id_327"	0	1	NA	0	0.84	3
8	0.77235923464275	2	2	11	17	"2;1"	"id_327"	0	1	NA	0	0.84	3
9	0.80366206203482	2	3	11	20	"2;1"	"id_327"	0	1	NA	0	0.84	3
10	0.528582673410243	2	3	11	23	"2;1"	"id_327"	0	1	NA	0	0.84	3
11	0.732260793327438	2	1	11	24	"2;1"	"id_327"	0	1	NA	0	0.84	3
12	1.07833127334375	2	6	11	30	"2;1"	"id_327"	0	1	NA	0	0.84	3
13	0.666541196533272	2	4	11	34	"2;1"	"id_327"	0	1	NA	0	0.84	3
14	1.09170228216501	2	-1	11	33	"2;1"	"id_327"	0	1	NA	0	0.84	3
15	0.568093167292741	2	-1	11	32	"2;1"	"id_327"	0	1	NA	0	0.84	3
16	0.5	2	3	11	35	"2;1"	"id_327"	0	1	NA	0	0.84	3
17	1.03064219437651	1	-4	11	31	"2;1"	"id_327"	0	1	NA	0	0.84	3
18	0.668198003999815	2	3	11	34	"2;1"	"id_327"	0	1	NA	0	0.84	3
19	0.987102537722017	2	4	11	38	"2;1"	"id_327"	0	1	NA	0	0.84	3
20	1.08960292142035	2	2	11	40	"2;1"	"id_327"	0	1	NA	0	0.84	3
21	0.831813295306846	2	2	11	42	"2;1"	"id_327"	0	1	NA	0	0.84	3
22	0.752267025616099	2	5	11	47	"2;1"	"id_327"	0	1	NA	0	0.84	3
23	0.647438267008696	2	3	11	50	"2;1"	"id_327"	0	1	NA	0	0.84	3
24	1.26065665628231	1	9	11	59	"2;1"	"id_327"	0	1	NA	0	0.84	3
25	0.898061176405239	2	5	11	64	"2;1"	"id_327"	0	1	NA	0	0.84	3
