"trial"	"time"	"selection"	"outcome"	"game"	"points.cum"	"option.order"	"workerid"	"goal"	"condition"	"n.goals.reached"	"checkFails"	"payout"	"which.high.ev"
1	1.00322396720546	2	4	1	4	"1;2"	"id_422"	0	3	NA	0	0.86	2
2	0.5	2	3	1	7	"1;2"	"id_422"	0	3	NA	0	0.86	2
3	0.919051213581629	2	5	1	12	"1;2"	"id_422"	0	3	NA	0	0.86	2
4	0.570084361868236	1	4	1	16	"1;2"	"id_422"	0	3	NA	0	0.86	2
5	0.5	1	3	1	19	"1;2"	"id_422"	0	3	NA	0	0.86	2
6	0.567773422315139	1	5	1	24	"1;2"	"id_422"	0	3	NA	0	0.86	2
7	0.5	1	4	1	28	"1;2"	"id_422"	0	3	NA	0	0.86	2
8	0.546210870723266	1	2	1	30	"1;2"	"id_422"	0	3	NA	0	0.86	2
9	1.48383866055767	2	6	1	36	"1;2"	"id_422"	0	3	NA	0	0.86	2
10	1.0384004368012	2	5	1	41	"1;2"	"id_422"	0	3	NA	0	0.86	2
11	0.8933354156381	1	2	1	43	"1;2"	"id_422"	0	3	NA	0	0.86	2
12	1.09406990091535	2	2	1	45	"1;2"	"id_422"	0	3	NA	0	0.86	2
13	0.5	2	6	1	51	"1;2"	"id_422"	0	3	NA	0	0.86	2
14	0.5	2	6	1	57	"1;2"	"id_422"	0	3	NA	0	0.86	2
15	0.607355458170405	2	4	1	61	"1;2"	"id_422"	0	3	NA	0	0.86	2
16	0.873760466065126	2	3	1	64	"1;2"	"id_422"	0	3	NA	0	0.86	2
17	1.28386321917706	2	5	1	69	"1;2"	"id_422"	0	3	NA	0	0.86	2
18	0.5	2	2	1	71	"1;2"	"id_422"	0	3	NA	0	0.86	2
19	0.5	2	4	1	75	"1;2"	"id_422"	0	3	NA	0	0.86	2
20	0.785067041031211	2	1	1	76	"1;2"	"id_422"	0	3	NA	0	0.86	2
1	0.556351449201562	2	12	2	12	"1;2"	"id_422"	0	3	NA	0	0.86	2
2	0.652157161329453	1	-1	2	11	"1;2"	"id_422"	0	3	NA	0	0.86	2
3	0.788322899068086	2	-8	2	3	"1;2"	"id_422"	0	3	NA	0	0.86	2
4	0.956528359339952	2	13	2	16	"1;2"	"id_422"	0	3	NA	0	0.86	2
5	0.715372383180715	2	0	2	16	"1;2"	"id_422"	0	3	NA	0	0.86	2
6	0.615449401765325	2	-7	2	9	"1;2"	"id_422"	0	3	NA	0	0.86	2
7	0.84915358926029	2	8	2	17	"1;2"	"id_422"	0	3	NA	0	0.86	2
8	0.849907074725995	2	9	2	26	"1;2"	"id_422"	0	3	NA	0	0.86	2
9	0.5	2	-4	2	22	"1;2"	"id_422"	0	3	NA	0	0.86	2
10	0.606275584476121	2	7	2	29	"1;2"	"id_422"	0	3	NA	0	0.86	2
11	1.21600822534245	2	7	2	36	"1;2"	"id_422"	0	3	NA	0	0.86	2
12	0.745413626751855	2	6	2	42	"1;2"	"id_422"	0	3	NA	0	0.86	2
13	0.894228618295769	2	5	2	47	"1;2"	"id_422"	0	3	NA	0	0.86	2
14	0.5	2	-16	2	31	"1;2"	"id_422"	0	3	NA	0	0.86	2
15	1.04346725795295	2	0	2	31	"1;2"	"id_422"	0	3	NA	0	0.86	2
16	0.533318028104437	2	10	2	41	"1;2"	"id_422"	0	3	NA	0	0.86	2
17	0.944922003970845	1	2	2	43	"1;2"	"id_422"	0	3	NA	0	0.86	2
18	0.834657569558039	2	12	2	55	"1;2"	"id_422"	0	3	NA	0	0.86	2
19	0.51171848974344	2	2	2	57	"1;2"	"id_422"	0	3	NA	0	0.86	2
20	0.781972305474004	2	11	2	68	"1;2"	"id_422"	0	3	NA	0	0.86	2
21	0.5	1	0	2	68	"1;2"	"id_422"	0	3	NA	0	0.86	2
22	0.75148341109543	2	-4	2	64	"1;2"	"id_422"	0	3	NA	0	0.86	2
23	0.972071312466077	1	3	2	67	"1;2"	"id_422"	0	3	NA	0	0.86	2
24	0.589649033575225	2	4	2	71	"1;2"	"id_422"	0	3	NA	0	0.86	2
25	0.646324517906807	2	7	2	78	"1;2"	"id_422"	0	3	NA	0	0.86	2
1	0.818175862580775	2	-4	3	-4	"1;2"	"id_422"	0	3	NA	0	0.86	2
2	0.866222327994805	1	0	3	-4	"1;2"	"id_422"	0	3	NA	0	0.86	2
3	0.978155106204924	1	3	3	-1	"1;2"	"id_422"	0	3	NA	0	0.86	2
4	0.612892257384362	1	3	3	2	"1;2"	"id_422"	0	3	NA	0	0.86	2
5	0.900801354249913	1	-2	3	0	"1;2"	"id_422"	0	3	NA	0	0.86	2
6	0.684999287162155	1	6	3	6	"1;2"	"id_422"	0	3	NA	0	0.86	2
7	0.5	1	1	3	7	"1;2"	"id_422"	0	3	NA	0	0.86	2
8	0.512517211878271	2	-7	3	0	"1;2"	"id_422"	0	3	NA	0	0.86	2
9	1.01811548523271	1	6	3	6	"1;2"	"id_422"	0	3	NA	0	0.86	2
10	0.540223932529177	1	0	3	6	"1;2"	"id_422"	0	3	NA	0	0.86	2
11	1.00568320249918	1	6	3	12	"1;2"	"id_422"	0	3	NA	0	0.86	2
12	0.605128438938638	1	0	3	12	"1;2"	"id_422"	0	3	NA	0	0.86	2
13	1.09510450842135	2	-18	3	-6	"1;2"	"id_422"	0	3	NA	0	0.86	2
14	0.70554469849844	2	0	3	-6	"1;2"	"id_422"	0	3	NA	0	0.86	2
15	0.5	1	3	3	-3	"1;2"	"id_422"	0	3	NA	0	0.86	2
16	0.667753457607592	1	-1	3	-4	"1;2"	"id_422"	0	3	NA	0	0.86	2
17	0.650570614230237	1	0	3	-4	"1;2"	"id_422"	0	3	NA	0	0.86	2
18	0.893642479807108	1	5	3	1	"1;2"	"id_422"	0	3	NA	0	0.86	2
19	0.5	1	4	3	5	"1;2"	"id_422"	0	3	NA	0	0.86	2
20	0.556611781337687	1	3	3	8	"1;2"	"id_422"	0	3	NA	0	0.86	2
21	0.770211950985153	1	3	3	11	"1;2"	"id_422"	0	3	NA	0	0.86	2
22	0.822256235834771	1	2	3	13	"1;2"	"id_422"	0	3	NA	0	0.86	2
23	0.821991542006385	1	8	3	21	"1;2"	"id_422"	0	3	NA	0	0.86	2
24	0.817965710177107	1	0	3	21	"1;2"	"id_422"	0	3	NA	0	0.86	2
25	1.05189640115825	1	2	3	23	"1;2"	"id_422"	0	3	NA	0	0.86	2
1	1.13927203691642	1	16	4	16	"2;1"	"id_422"	0	3	NA	0	0.86	2
2	0.958934174776773	1	12	4	28	"2;1"	"id_422"	0	3	NA	0	0.86	2
3	0.692731207566836	1	27	4	55	"2;1"	"id_422"	0	3	NA	0	0.86	2
4	0.561949486937661	1	-13	4	42	"2;1"	"id_422"	0	3	NA	0	0.86	2
5	0.711653221038262	2	1	4	43	"2;1"	"id_422"	0	3	NA	0	0.86	2
6	0.646225757495425	1	-8	4	35	"2;1"	"id_422"	0	3	NA	0	0.86	2
7	0.665984235548969	1	-5	4	30	"2;1"	"id_422"	0	3	NA	0	0.86	2
8	0.782064141891463	1	-6	4	24	"2;1"	"id_422"	0	3	NA	0	0.86	2
9	0.516794554854979	1	9	4	33	"2;1"	"id_422"	0	3	NA	0	0.86	2
10	1.14623766401639	1	-4	4	29	"2;1"	"id_422"	0	3	NA	0	0.86	2
11	1.11630142293425	1	0	4	29	"2;1"	"id_422"	0	3	NA	0	0.86	2
12	0.793114323745982	1	12	4	41	"2;1"	"id_422"	0	3	NA	0	0.86	2
13	0.862728139040394	1	-3	4	38	"2;1"	"id_422"	0	3	NA	0	0.86	2
14	0.5	1	8	4	46	"2;1"	"id_422"	0	3	NA	0	0.86	2
15	0.835110570555882	1	5	4	51	"2;1"	"id_422"	0	3	NA	0	0.86	2
16	0.764187682108012	1	-3	4	48	"2;1"	"id_422"	0	3	NA	0	0.86	2
17	0.720231216581344	1	7	4	55	"2;1"	"id_422"	0	3	NA	0	0.86	2
18	1.14668108638831	1	8	4	63	"2;1"	"id_422"	0	3	NA	0	0.86	2
19	0.58887514840597	1	27	4	90	"2;1"	"id_422"	0	3	NA	0	0.86	2
20	0.691887258501372	1	11	4	101	"2;1"	"id_422"	0	3	NA	0	0.86	2
21	1.21761881155752	2	8	4	109	"2;1"	"id_422"	0	3	NA	0	0.86	2
22	0.740903270306902	1	16	4	125	"2;1"	"id_422"	0	3	NA	0	0.86	2
23	0.680420049788449	1	8	4	133	"2;1"	"id_422"	0	3	NA	0	0.86	2
24	0.789752323759708	2	3	4	136	"2;1"	"id_422"	0	3	NA	0	0.86	2
25	0.626238444158351	1	25	4	161	"2;1"	"id_422"	0	3	NA	0	0.86	2
1	0.535455543381511	2	0	5	0	"2;1"	"id_422"	0	3	NA	0	0.86	2
2	0.9869517640025	1	6	5	6	"2;1"	"id_422"	0	3	NA	0	0.86	2
3	0.641086183698274	1	5	5	11	"2;1"	"id_422"	0	3	NA	0	0.86	2
4	1.1730633984058	1	18	5	29	"2;1"	"id_422"	0	3	NA	0	0.86	2
5	1.12960872095264	1	5	5	34	"2;1"	"id_422"	0	3	NA	0	0.86	2
6	0.667205564713187	2	6	5	40	"2;1"	"id_422"	0	3	NA	0	0.86	2
7	1.41576322766393	1	2	5	42	"2;1"	"id_422"	0	3	NA	0	0.86	2
8	0.611532343863071	1	-2	5	40	"2;1"	"id_422"	0	3	NA	0	0.86	2
9	1.20190566625857	1	-9	5	31	"2;1"	"id_422"	0	3	NA	0	0.86	2
10	0.952016556118102	1	5	5	36	"2;1"	"id_422"	0	3	NA	0	0.86	2
11	1.18516229044252	1	-8	5	28	"2;1"	"id_422"	0	3	NA	0	0.86	2
12	1.14868720014914	2	3	5	31	"2;1"	"id_422"	0	3	NA	0	0.86	2
13	0.872661793015084	2	6	5	37	"2;1"	"id_422"	0	3	NA	0	0.86	2
14	0.831468472285497	2	3	5	40	"2;1"	"id_422"	0	3	NA	0	0.86	2
15	0.547123826417501	2	3	5	43	"2;1"	"id_422"	0	3	NA	0	0.86	2
16	0.69816890703534	1	16	5	59	"2;1"	"id_422"	0	3	NA	0	0.86	2
17	0.899492454779962	1	-9	5	50	"2;1"	"id_422"	0	3	NA	0	0.86	2
18	0.720850423872036	2	3	5	53	"2;1"	"id_422"	0	3	NA	0	0.86	2
19	0.922118703566545	2	3	5	56	"2;1"	"id_422"	0	3	NA	0	0.86	2
20	0.527826829729718	1	14	5	70	"2;1"	"id_422"	0	3	NA	0	0.86	2
21	0.5	2	-1	5	69	"2;1"	"id_422"	0	3	NA	0	0.86	2
22	0.790312854446414	1	30	5	99	"2;1"	"id_422"	0	3	NA	0	0.86	2
23	0.892014665682054	1	10	5	109	"2;1"	"id_422"	0	3	NA	0	0.86	2
24	0.679136590655241	1	-5	5	104	"2;1"	"id_422"	0	3	NA	0	0.86	2
25	0.575075994039028	1	-10	5	94	"2;1"	"id_422"	0	3	NA	0	0.86	2
1	0.869556811110701	1	3	6	3	"1;2"	"id_422"	0	3	NA	0	0.86	2
2	1.08669453755266	1	0	6	3	"1;2"	"id_422"	0	3	NA	0	0.86	2
3	1.28434024311169	2	14	6	17	"1;2"	"id_422"	0	3	NA	0	0.86	2
4	0.866623934700097	2	11	6	28	"1;2"	"id_422"	0	3	NA	0	0.86	2
5	0.559277293581699	2	17	6	45	"1;2"	"id_422"	0	3	NA	0	0.86	2
6	0.5	2	6	6	51	"1;2"	"id_422"	0	3	NA	0	0.86	2
7	0.912603306127238	1	5	6	56	"1;2"	"id_422"	0	3	NA	0	0.86	2
8	0.848864624367681	1	0	6	56	"1;2"	"id_422"	0	3	NA	0	0.86	2
9	0.5	2	-2	6	54	"1;2"	"id_422"	0	3	NA	0	0.86	2
10	0.747738408804015	2	-1	6	53	"1;2"	"id_422"	0	3	NA	0	0.86	2
11	0.565370103407534	2	-9	6	44	"1;2"	"id_422"	0	3	NA	0	0.86	2
12	1.01561011494171	1	3	6	47	"1;2"	"id_422"	0	3	NA	0	0.86	2
13	0.5	1	-4	6	43	"1;2"	"id_422"	0	3	NA	0	0.86	2
14	0.690505983464954	1	3	6	46	"1;2"	"id_422"	0	3	NA	0	0.86	2
15	0.856766392871323	1	4	6	50	"1;2"	"id_422"	0	3	NA	0	0.86	2
16	0.671266750671518	2	-23	6	27	"1;2"	"id_422"	0	3	NA	0	0.86	2
17	0.896835229122679	1	-2	6	25	"1;2"	"id_422"	0	3	NA	0	0.86	2
18	0.902278349092643	2	4	6	29	"1;2"	"id_422"	0	3	NA	0	0.86	2
19	0.882409484466824	1	3	6	32	"1;2"	"id_422"	0	3	NA	0	0.86	2
20	0.836729790814454	1	3	6	35	"1;2"	"id_422"	0	3	NA	0	0.86	2
21	0.779379083917786	1	7	6	42	"1;2"	"id_422"	0	3	NA	0	0.86	2
22	0.999614715738072	1	2	6	44	"1;2"	"id_422"	0	3	NA	0	0.86	2
23	0.5	1	2	6	46	"1;2"	"id_422"	0	3	NA	0	0.86	2
24	1.10196577363822	1	1	6	47	"1;2"	"id_422"	0	3	NA	0	0.86	2
25	0.639713722734225	1	3	6	50	"1;2"	"id_422"	0	3	NA	0	0.86	2
1	0.819449776452803	1	1	7	1	"2;1"	"id_422"	0	3	NA	0	0.86	2
2	0.718210860983326	1	15	7	16	"2;1"	"id_422"	0	3	NA	0	0.86	2
3	0.695965158292117	1	0	7	16	"2;1"	"id_422"	0	3	NA	0	0.86	2
4	0.5	1	4	7	20	"2;1"	"id_422"	0	3	NA	0	0.86	2
5	0.5	2	0	7	20	"2;1"	"id_422"	0	3	NA	0	0.86	2
6	0.667206279975213	1	16	7	36	"2;1"	"id_422"	0	3	NA	0	0.86	2
7	0.5	1	11	7	47	"2;1"	"id_422"	0	3	NA	0	0.86	2
8	0.551004367428733	2	1	7	48	"2;1"	"id_422"	0	3	NA	0	0.86	2
9	0.916779064856843	1	5	7	53	"2;1"	"id_422"	0	3	NA	0	0.86	2
10	0.691971516144386	1	6	7	59	"2;1"	"id_422"	0	3	NA	0	0.86	2
11	0.685565182643418	1	11	7	70	"2;1"	"id_422"	0	3	NA	0	0.86	2
12	0.781964898207514	1	15	7	85	"2;1"	"id_422"	0	3	NA	0	0.86	2
13	0.848426607971681	1	0	7	85	"2;1"	"id_422"	0	3	NA	0	0.86	2
14	0.5	2	1	7	86	"2;1"	"id_422"	0	3	NA	0	0.86	2
15	0.72506828987734	1	-8	7	78	"2;1"	"id_422"	0	3	NA	0	0.86	2
16	0.913780783208931	1	-6	7	72	"2;1"	"id_422"	0	3	NA	0	0.86	2
17	1.20171780753821	1	0	7	72	"2;1"	"id_422"	0	3	NA	0	0.86	2
18	0.623287624897979	1	12	7	84	"2;1"	"id_422"	0	3	NA	0	0.86	2
19	1.11671287119098	1	0	7	84	"2;1"	"id_422"	0	3	NA	0	0.86	2
20	0.528397562376189	1	1	7	85	"2;1"	"id_422"	0	3	NA	0	0.86	2
21	1.06340292562497	1	-13	7	72	"2;1"	"id_422"	0	3	NA	0	0.86	2
22	0.584087065906654	2	0	7	72	"2;1"	"id_422"	0	3	NA	0	0.86	2
23	0.5	2	0	7	72	"2;1"	"id_422"	0	3	NA	0	0.86	2
24	1.11978079588303	2	5	7	77	"2;1"	"id_422"	0	3	NA	0	0.86	2
25	0.561631255333405	1	1	7	78	"2;1"	"id_422"	0	3	NA	0	0.86	2
1	0.609411727752617	1	0	8	0	"1;2"	"id_422"	0	3	NA	0	0.86	2
2	1.01775492692314	1	3	8	3	"1;2"	"id_422"	0	3	NA	0	0.86	2
3	1.06010693388405	1	-3	8	0	"1;2"	"id_422"	0	3	NA	0	0.86	2
4	0.62568994713587	2	2	8	2	"1;2"	"id_422"	0	3	NA	0	0.86	2
5	0.829630090331224	2	-8	8	-6	"1;2"	"id_422"	0	3	NA	0	0.86	2
6	0.883471455988167	1	5	8	-1	"1;2"	"id_422"	0	3	NA	0	0.86	2
7	0.707736569699687	1	0	8	-1	"1;2"	"id_422"	0	3	NA	0	0.86	2
8	0.560616984627029	2	16	8	15	"1;2"	"id_422"	0	3	NA	0	0.86	2
9	0.885363506560916	2	-4	8	11	"1;2"	"id_422"	0	3	NA	0	0.86	2
10	0.651603545191306	2	3	8	14	"1;2"	"id_422"	0	3	NA	0	0.86	2
11	1.11283649110084	2	-2	8	12	"1;2"	"id_422"	0	3	NA	0	0.86	2
12	0.865339483298686	2	-1	8	11	"1;2"	"id_422"	0	3	NA	0	0.86	2
13	0.969854507237924	1	-1	8	10	"1;2"	"id_422"	0	3	NA	0	0.86	2
14	1.06587617239124	2	11	8	21	"1;2"	"id_422"	0	3	NA	0	0.86	2
15	0.5	2	19	8	40	"1;2"	"id_422"	0	3	NA	0	0.86	2
16	0.814574185822921	2	15	8	55	"1;2"	"id_422"	0	3	NA	0	0.86	2
17	0.687137922374532	2	-6	8	49	"1;2"	"id_422"	0	3	NA	0	0.86	2
18	0.845791205986673	1	2	8	51	"1;2"	"id_422"	0	3	NA	0	0.86	2
19	0.953648731802658	1	2	8	53	"1;2"	"id_422"	0	3	NA	0	0.86	2
20	0.9318672898626	2	-1	8	52	"1;2"	"id_422"	0	3	NA	0	0.86	2
21	0.706779026474667	2	1	8	53	"1;2"	"id_422"	0	3	NA	0	0.86	2
22	0.742173533799978	2	13	8	66	"1;2"	"id_422"	0	3	NA	0	0.86	2
23	0.802843415283382	1	5	8	71	"1;2"	"id_422"	0	3	NA	0	0.86	2
24	0.61959040715848	2	10	8	81	"1;2"	"id_422"	0	3	NA	0	0.86	2
25	0.531033488137767	2	-15	8	66	"1;2"	"id_422"	0	3	NA	0	0.86	2
1	1.11868650434415	2	5	9	5	"2;1"	"id_422"	0	3	NA	0	0.86	2
2	0.724289303301043	2	10	9	15	"2;1"	"id_422"	0	3	NA	0	0.86	2
3	0.730978651883189	1	-3	9	12	"2;1"	"id_422"	0	3	NA	0	0.86	2
4	0.820469560791297	1	24	9	36	"2;1"	"id_422"	0	3	NA	0	0.86	2
5	0.959851118440611	2	0	9	36	"2;1"	"id_422"	0	3	NA	0	0.86	2
6	0.690482296545021	1	24	9	60	"2;1"	"id_422"	0	3	NA	0	0.86	2
7	0.909786981435068	1	1	9	61	"2;1"	"id_422"	0	3	NA	0	0.86	2
8	1.05597396175492	2	2	9	63	"2;1"	"id_422"	0	3	NA	0	0.86	2
9	0.548068294715639	1	4	9	67	"2;1"	"id_422"	0	3	NA	0	0.86	2
10	0.85426421574845	2	2	9	69	"2;1"	"id_422"	0	3	NA	0	0.86	2
11	0.5	1	2	9	71	"2;1"	"id_422"	0	3	NA	0	0.86	2
12	0.640299560635628	1	4	9	75	"2;1"	"id_422"	0	3	NA	0	0.86	2
13	0.529564016267569	2	3	9	78	"2;1"	"id_422"	0	3	NA	0	0.86	2
14	0.550900431262222	1	17	9	95	"2;1"	"id_422"	0	3	NA	0	0.86	2
15	0.792087687829827	1	25	9	120	"2;1"	"id_422"	0	3	NA	0	0.86	2
16	1.30643969989214	1	10	9	130	"2;1"	"id_422"	0	3	NA	0	0.86	2
17	0.582045410918002	2	3	9	133	"2;1"	"id_422"	0	3	NA	0	0.86	2
18	0.599021315438863	1	8	9	141	"2;1"	"id_422"	0	3	NA	0	0.86	2
19	1.35477523194729	1	4	9	145	"2;1"	"id_422"	0	3	NA	0	0.86	2
20	0.558864974329535	1	2	9	147	"2;1"	"id_422"	0	3	NA	0	0.86	2
21	0.71240835831385	2	2	9	149	"2;1"	"id_422"	0	3	NA	0	0.86	2
22	0.632569017199553	1	-17	9	132	"2;1"	"id_422"	0	3	NA	0	0.86	2
23	1.08923765250187	1	28	9	160	"2;1"	"id_422"	0	3	NA	0	0.86	2
24	0.689043752050094	1	16	9	176	"2;1"	"id_422"	0	3	NA	0	0.86	2
25	0.616127593405083	2	3	9	179	"2;1"	"id_422"	0	3	NA	0	0.86	2
1	0.746201779881909	1	8	10	8	"2;1"	"id_422"	0	3	NA	0	0.86	2
2	0.709072964152789	2	3	10	11	"2;1"	"id_422"	0	3	NA	0	0.86	2
3	0.787753913315997	1	-17	10	-6	"2;1"	"id_422"	0	3	NA	0	0.86	2
4	0.788387189239999	2	2	10	-4	"2;1"	"id_422"	0	3	NA	0	0.86	2
5	0.813672584448438	2	0	10	-4	"2;1"	"id_422"	0	3	NA	0	0.86	2
6	0.936150720230278	1	22	10	18	"2;1"	"id_422"	0	3	NA	0	0.86	2
7	0.5	2	6	10	24	"2;1"	"id_422"	0	3	NA	0	0.86	2
8	0.5	2	3	10	27	"2;1"	"id_422"	0	3	NA	0	0.86	2
9	0.679299605073595	1	-16	10	11	"2;1"	"id_422"	0	3	NA	0	0.86	2
10	0.5	1	-1	10	10	"2;1"	"id_422"	0	3	NA	0	0.86	2
11	0.935963668784314	1	1	10	11	"2;1"	"id_422"	0	3	NA	0	0.86	2
12	0.637312259414666	1	13	10	24	"2;1"	"id_422"	0	3	NA	0	0.86	2
13	1.08974991479024	1	-12	10	12	"2;1"	"id_422"	0	3	NA	0	0.86	2
14	0.994672786034054	2	10	10	22	"2;1"	"id_422"	0	3	NA	0	0.86	2
15	0.786444653667687	2	6	10	28	"2;1"	"id_422"	0	3	NA	0	0.86	2
16	0.5	1	16	10	44	"2;1"	"id_422"	0	3	NA	0	0.86	2
17	0.636379276069772	2	7	10	51	"2;1"	"id_422"	0	3	NA	0	0.86	2
18	1.25364284853047	2	3	10	54	"2;1"	"id_422"	0	3	NA	0	0.86	2
19	0.924260216339861	2	2	10	56	"2;1"	"id_422"	0	3	NA	0	0.86	2
20	1.1455254157859	2	6	10	62	"2;1"	"id_422"	0	3	NA	0	0.86	2
21	0.677801323887067	1	10	10	72	"2;1"	"id_422"	0	3	NA	0	0.86	2
22	0.850956067411539	2	0	10	72	"2;1"	"id_422"	0	3	NA	0	0.86	2
23	0.5	2	4	10	76	"2;1"	"id_422"	0	3	NA	0	0.86	2
24	0.754819766821597	1	0	10	76	"2;1"	"id_422"	0	3	NA	0	0.86	2
25	0.79395641107899	2	3	10	79	"2;1"	"id_422"	0	3	NA	0	0.86	2
1	1.18065571241883	2	-11	11	-11	"1;2"	"id_422"	0	3	NA	0	0.86	2
2	0.5	2	-4	11	-15	"1;2"	"id_422"	0	3	NA	0	0.86	2
3	0.920429555444307	2	19	11	4	"1;2"	"id_422"	0	3	NA	0	0.86	2
4	0.826609741017275	2	3	11	7	"1;2"	"id_422"	0	3	NA	0	0.86	2
5	0.864720272653899	2	15	11	22	"1;2"	"id_422"	0	3	NA	0	0.86	2
6	0.8814033751354	2	17	11	39	"1;2"	"id_422"	0	3	NA	0	0.86	2
7	0.596329166886491	1	-1	11	38	"1;2"	"id_422"	0	3	NA	0	0.86	2
8	0.776087826265229	1	-6	11	32	"1;2"	"id_422"	0	3	NA	0	0.86	2
9	0.956132805166983	1	4	11	36	"1;2"	"id_422"	0	3	NA	0	0.86	2
10	0.676865081486634	1	3	11	39	"1;2"	"id_422"	0	3	NA	0	0.86	2
11	0.981370278320969	2	-4	11	35	"1;2"	"id_422"	0	3	NA	0	0.86	2
12	0.642429673137389	2	-1	11	34	"1;2"	"id_422"	0	3	NA	0	0.86	2
13	0.737151534650428	2	5	11	39	"1;2"	"id_422"	0	3	NA	0	0.86	2
14	0.878906779245149	2	3	11	42	"1;2"	"id_422"	0	3	NA	0	0.86	2
15	0.5	1	5	11	47	"1;2"	"id_422"	0	3	NA	0	0.86	2
16	0.897493229651958	2	-1	11	46	"1;2"	"id_422"	0	3	NA	0	0.86	2
17	1.03728396156143	1	4	11	50	"1;2"	"id_422"	0	3	NA	0	0.86	2
18	0.752546809919613	1	1	11	51	"1;2"	"id_422"	0	3	NA	0	0.86	2
19	1.00648093890685	2	2	11	53	"1;2"	"id_422"	0	3	NA	0	0.86	2
20	0.660182836609586	1	2	11	55	"1;2"	"id_422"	0	3	NA	0	0.86	2
21	1.06653488335289	2	8	11	63	"1;2"	"id_422"	0	3	NA	0	0.86	2
22	0.708257115848014	2	12	11	75	"1;2"	"id_422"	0	3	NA	0	0.86	2
23	0.76599658884995	1	3	11	78	"1;2"	"id_422"	0	3	NA	0	0.86	2
24	0.966608474265354	1	0	11	78	"1;2"	"id_422"	0	3	NA	0	0.86	2
25	0.689813860596652	1	1	11	79	"1;2"	"id_422"	0	3	NA	0	0.86	2
